5 5 0.0323244 -4.08561e-18
5 10 0.0323244 -4.08561e-18
5 15 0.0323244 -4.08561e-18
5 20 0.0323244 -4.08561e-18
5 25 0.0323244 -4.08561e-18
5 30 0.0323244 -4.08561e-18
5 35 0.0323244 -4.08561e-18
5 40 0.0323244 -4.08561e-18
5 45 0.0323244 -4.08561e-18
5 50 0.0323244 -4.08561e-18
5 55 0.0323244 -4.08561e-18
5 60 0.0323244 -4.08561e-18
5 65 0.0323244 -4.08561e-18
5 70 0.0323244 -4.08561e-18
5 75 0.0323244 -4.08561e-18
5 80 0.0323244 -4.08561e-18
5 85 0.0323244 -4.08561e-18
5 90 0.0323244 -4.08561e-18
5 95 0.0323244 -4.08561e-18
5 100 0.0323244 -4.08561e-18
5 105 0.0323244 -4.08561e-18
5 110 0.0323244 -4.08561e-18
5 115 0.0323244 -4.08561e-18
5 120 0.0323244 -4.08561e-18
5 125 0.0323244 -4.08561e-18
5 130 0.0323244 -4.08561e-18
5 135 0.0323244 -4.08561e-18
5 140 0.0323244 -4.08561e-18
5 145 0.0323244 -4.08561e-18
5 150 0.0323244 -4.08561e-18
5 155 0.0323244 -4.08561e-18
5 160 0.0323244 -4.08561e-18
5 165 0.0323244 -4.08561e-18
5 170 0.0323244 -4.08561e-18
5 175 0.0323244 -4.08561e-18
5 180 0.0323244 -4.08561e-18
5 185 0.0323244 -4.08561e-18
5 190 0.0323244 -4.08561e-18
5 195 0.0323244 -4.08561e-18
5 200 0.0323244 -4.08561e-18
5 205 0.0323244 -4.08561e-18
5 210 0.0323244 -4.08561e-18
5 215 0.0323244 -4.08561e-18
5 220 0.0323244 -4.08561e-18
5 225 0.0323244 -4.08561e-18
5 230 0.0323244 -4.08561e-18
5 235 0.0323244 -4.08561e-18
5 240 0.0323244 -4.08561e-18
5 245 0.0323244 -4.08561e-18
5 250 0.0323244 -4.08561e-18
5 255 0.0323244 -4.08561e-18
10 5 0.00176121 0
10 10 0.00176121 0
10 15 0.00176121 0
10 20 0.00176121 0
10 25 0.00176121 0
10 30 0.00176121 0
10 35 0.00176121 0
10 40 0.00176121 0
10 45 0.00176121 0
10 50 0.00176121 0
10 55 0.00176121 0
10 60 0.00176121 0
10 65 0.00176121 0
10 70 0.00176121 0
10 75 0.00176121 0
10 80 0.00176121 0
10 85 0.00176121 0
10 90 0.00176121 0
10 95 0.00176121 0
10 100 0.00176121 0
10 105 0.00176121 0
10 110 0.00176121 0
10 115 0.00176121 0
10 120 0.00176121 0
10 125 0.00176121 0
10 130 0.00176121 0
10 135 0.00176121 0
10 140 0.00176121 0
10 145 0.00176121 0
10 150 0.00176121 0
10 155 0.00176121 0
10 160 0.00176121 0
10 165 0.00176121 0
10 170 0.00176121 0
10 175 0.00176121 0
10 180 0.00176121 0
10 185 0.00176121 0
10 190 0.00176121 0
10 195 0.00176121 0
10 200 0.00176121 0
10 205 0.00176121 0
10 210 0.00176121 0
10 215 0.00176121 0
10 220 0.00176121 0
10 225 0.00176121 0
10 230 0.00176121 0
10 235 0.00176121 0
10 240 0.00176121 0
10 245 0.00176121 0
10 250 0.00176121 0
10 255 0.00176121 0
15 5 0.000321656 -4.08561e-18
15 10 0.000321656 -4.08561e-18
15 15 0.000321656 -4.08561e-18
15 20 0.000321656 -4.08561e-18
15 25 0.000321656 -4.08561e-18
15 30 0.000321656 -4.08561e-18
15 35 0.000321656 -4.08561e-18
15 40 0.000321656 -4.08561e-18
15 45 0.000321656 -4.08561e-18
15 50 0.000321656 -4.08561e-18
15 55 0.000321656 -4.08561e-18
15 60 0.000321656 -4.08561e-18
15 65 0.000321656 -4.08561e-18
15 70 0.000321656 -4.08561e-18
15 75 0.000321656 -4.08561e-18
15 80 0.000321656 -4.08561e-18
15 85 0.000321656 -4.08561e-18
15 90 0.000321656 -4.08561e-18
15 95 0.000321656 -4.08561e-18
15 100 0.000321656 -4.08561e-18
15 105 0.000321656 -4.08561e-18
15 110 0.000321656 -4.08561e-18
15 115 0.000321656 -4.08561e-18
15 120 0.000321656 -4.08561e-18
15 125 0.000321656 -4.08561e-18
15 130 0.000321656 -4.08561e-18
15 135 0.000321656 -4.08561e-18
15 140 0.000321656 -4.08561e-18
15 145 0.000321656 -4.08561e-18
15 150 0.000321656 -4.08561e-18
15 155 0.000321656 -4.08561e-18
15 160 0.000321656 -4.08561e-18
15 165 0.000321656 -4.08561e-18
15 170 0.000321656 -4.08561e-18
15 175 0.000321656 -4.08561e-18
15 180 0.000321656 -4.08561e-18
15 185 0.000321656 -4.08561e-18
15 190 0.000321656 -4.08561e-18
15 195 0.000321656 -4.08561e-18
15 200 0.000321656 -4.08561e-18
15 205 0.000321656 -4.08561e-18
15 210 0.000321656 -4.08561e-18
15 215 0.000321656 -4.08561e-18
15 220 0.000321656 -4.08561e-18
15 225 0.000321656 -4.08561e-18
15 230 0.000321656 -4.08561e-18
15 235 0.000321656 -4.08561e-18
15 240 0.000321656 -4.08561e-18
15 245 0.000321656 -4.08561e-18
15 250 0.000321656 -4.08561e-18
15 255 0.000321656 -4.08561e-18
20 5 4.09967e-05 1.63424e-18
20 10 4.09967e-05 1.63424e-18
20 15 4.09967e-05 1.63424e-18
20 20 4.09967e-05 1.63424e-18
20 25 4.09967e-05 1.63424e-18
20 30 4.09967e-05 1.63424e-18
20 35 4.09967e-05 1.63424e-18
20 40 4.09967e-05 1.63424e-18
20 45 4.09967e-05 1.63424e-18
20 50 4.09967e-05 1.63424e-18
20 55 4.09967e-05 1.63424e-18
20 60 4.09967e-05 1.63424e-18
20 65 4.09967e-05 1.63424e-18
20 70 4.09967e-05 1.63424e-18
20 75 4.09967e-05 1.63424e-18
20 80 4.09967e-05 1.63424e-18
20 85 4.09967e-05 1.63424e-18
20 90 4.09967e-05 1.63424e-18
20 95 4.09967e-05 1.63424e-18
20 100 4.09967e-05 1.63424e-18
20 105 4.09967e-05 1.63424e-18
20 110 4.09967e-05 1.63424e-18
20 115 4.09967e-05 1.63424e-18
20 120 4.09967e-05 1.63424e-18
20 125 4.09967e-05 1.63424e-18
20 130 4.09967e-05 1.63424e-18
20 135 4.09967e-05 1.63424e-18
20 140 4.09967e-05 1.63424e-18
20 145 4.09967e-05 1.63424e-18
20 150 4.09967e-05 1.63424e-18
20 155 4.09967e-05 1.63424e-18
20 160 4.09967e-05 1.63424e-18
20 165 4.09967e-05 1.63424e-18
20 170 4.09967e-05 1.63424e-18
20 175 4.09967e-05 1.63424e-18
20 180 4.09967e-05 1.63424e-18
20 185 4.09967e-05 1.63424e-18
20 190 4.09967e-05 1.63424e-18
20 195 4.09967e-05 1.63424e-18
20 200 4.09967e-05 1.63424e-18
20 205 4.09967e-05 1.63424e-18
20 210 4.09967e-05 1.63424e-18
20 215 4.09967e-05 1.63424e-18
20 220 4.09967e-05 1.63424e-18
20 225 4.09967e-05 1.63424e-18
20 230 4.09967e-05 1.63424e-18
20 235 4.09967e-05 1.63424e-18
20 240 4.09967e-05 1.63424e-18
20 245 4.09967e-05 1.63424e-18
20 250 4.09967e-05 1.63424e-18
20 255 4.09967e-05 1.63424e-18
25 5 9.13789e-06 0
25 10 9.13789e-06 0
25 15 9.13789e-06 0
25 20 9.13789e-06 0
25 25 9.13789e-06 0
25 30 9.13789e-06 0
25 35 9.13789e-06 0
25 40 9.13789e-06 0
25 45 9.13789e-06 0
25 50 9.13789e-06 0
25 55 9.13789e-06 0
25 60 9.13789e-06 0
25 65 9.13789e-06 0
25 70 9.13789e-06 0
25 75 9.13789e-06 0
25 80 9.13789e-06 0
25 85 9.13789e-06 0
25 90 9.13789e-06 0
25 95 9.13789e-06 0
25 100 9.13789e-06 0
25 105 9.13789e-06 0
25 110 9.13789e-06 0
25 115 9.13789e-06 0
25 120 9.13789e-06 0
25 125 9.13789e-06 0
25 130 9.13789e-06 0
25 135 9.13789e-06 0
25 140 9.13789e-06 0
25 145 9.13789e-06 0
25 150 9.13789e-06 0
25 155 9.13789e-06 0
25 160 9.13789e-06 0
25 165 9.13789e-06 0
25 170 9.13789e-06 0
25 175 9.13789e-06 0
25 180 9.13789e-06 0
25 185 9.13789e-06 0
25 190 9.13789e-06 0
25 195 9.13789e-06 0
25 200 9.13789e-06 0
25 205 9.13789e-06 0
25 210 9.13789e-06 0
25 215 9.13789e-06 0
25 220 9.13789e-06 0
25 225 9.13789e-06 0
25 230 9.13789e-06 0
25 235 9.13789e-06 0
25 240 9.13789e-06 0
25 245 9.13789e-06 0
25 250 9.13789e-06 0
25 255 9.13789e-06 0
30 5 9.00742e-07 1.63424e-18
30 10 9.00742e-07 1.63424e-18
30 15 9.00742e-07 1.63424e-18
30 20 9.00742e-07 1.63424e-18
30 25 9.00742e-07 1.63424e-18
30 30 9.00742e-07 1.63424e-18
30 35 9.00742e-07 1.63424e-18
30 40 9.00742e-07 1.63424e-18
30 45 9.00742e-07 1.63424e-18
30 50 9.00742e-07 1.63424e-18
30 55 9.00742e-07 1.63424e-18
30 60 9.00742e-07 1.63424e-18
30 65 9.00742e-07 1.63424e-18
30 70 9.00742e-07 1.63424e-18
30 75 9.00742e-07 1.63424e-18
30 80 9.00742e-07 1.63424e-18
30 85 9.00742e-07 1.63424e-18
30 90 9.00742e-07 1.63424e-18
30 95 9.00742e-07 1.63424e-18
30 100 9.00742e-07 1.63424e-18
30 105 9.00742e-07 1.63424e-18
30 110 9.00742e-07 1.63424e-18
30 115 9.00742e-07 1.63424e-18
30 120 9.00742e-07 1.63424e-18
30 125 9.00742e-07 1.63424e-18
30 130 9.00742e-07 1.63424e-18
30 135 9.00742e-07 1.63424e-18
30 140 9.00742e-07 1.63424e-18
30 145 9.00742e-07 1.63424e-18
30 150 9.00742e-07 1.63424e-18
30 155 9.00742e-07 1.63424e-18
30 160 9.00742e-07 1.63424e-18
30 165 9.00742e-07 1.63424e-18
30 170 9.00742e-07 1.63424e-18
30 175 9.00742e-07 1.63424e-18
30 180 9.00742e-07 1.63424e-18
30 185 9.00742e-07 1.63424e-18
30 190 9.00742e-07 1.63424e-18
30 195 9.00742e-07 1.63424e-18
30 200 9.00742e-07 1.63424e-18
30 205 9.00742e-07 1.63424e-18
30 210 9.00742e-07 1.63424e-18
30 215 9.00742e-07 1.63424e-18
30 220 9.00742e-07 1.63424e-18
30 225 9.00742e-07 1.63424e-18
30 230 9.00742e-07 1.63424e-18
30 235 9.00742e-07 1.63424e-18
30 240 9.00742e-07 1.63424e-18
30 245 9.00742e-07 1.63424e-18
30 250 9.00742e-07 1.63424e-18
30 255 9.00742e-07 1.63424e-18
35 5 3.85196e-08 -8.17121e-19
35 10 3.85196e-08 -8.17121e-19
35 15 3.85196e-08 -8.17121e-19
35 20 3.85196e-08 -8.17121e-19
35 25 3.85196e-08 -8.17121e-19
35 30 3.85196e-08 -8.17121e-19
35 35 3.85196e-08 -8.17121e-19
35 40 3.85196e-08 -8.17121e-19
35 45 3.85196e-08 -8.17121e-19
35 50 3.85196e-08 -8.17121e-19
35 55 3.85196e-08 -8.17121e-19
35 60 3.85196e-08 -8.17121e-19
35 65 3.85196e-08 -8.17121e-19
35 70 3.85196e-08 -8.17121e-19
35 75 3.85196e-08 -8.17121e-19
35 80 3.85196e-08 -8.17121e-19
35 85 3.85196e-08 -8.17121e-19
35 90 3.85196e-08 -8.17121e-19
35 95 3.85196e-08 -8.17121e-19
35 100 3.85196e-08 -8.17121e-19
35 105 3.85196e-08 -8.17121e-19
35 110 3.85196e-08 -8.17121e-19
35 115 3.85196e-08 -8.17121e-19
35 120 3.85196e-08 -8.17121e-19
35 125 3.85196e-08 -8.17121e-19
35 130 3.85196e-08 -8.17121e-19
35 135 3.85196e-08 -8.17121e-19
35 140 3.85196e-08 -8.17121e-19
35 145 3.85196e-08 -8.17121e-19
35 150 3.85196e-08 -8.17121e-19
35 155 3.85196e-08 -8.17121e-19
35 160 3.85196e-08 -8.17121e-19
35 165 3.85196e-08 -8.17121e-19
35 170 3.85196e-08 -8.17121e-19
35 175 3.85196e-08 -8.17121e-19
35 180 3.85196e-08 -8.17121e-19
35 185 3.85196e-08 -8.17121e-19
35 190 3.85196e-08 -8.17121e-19
35 195 3.85196e-08 -8.17121e-19
35 200 3.85196e-08 -8.17121e-19
35 205 3.85196e-08 -8.17121e-19
35 210 3.85196e-08 -8.17121e-19
35 215 3.85196e-08 -8.17121e-19
35 220 3.85196e-08 -8.17121e-19
35 225 3.85196e-08 -8.17121e-19
35 230 3.85196e-08 -8.17121e-19
35 235 3.85196e-08 -8.17121e-19
35 240 3.85196e-08 -8.17121e-19
35 245 3.85196e-08 -8.17121e-19
35 250 3.85196e-08 -8.17121e-19
35 255 3.85196e-08 -8.17121e-19
40 5 5.27137e-10 0
40 10 5.27137e-10 0
40 15 5.27137e-10 0
40 20 5.27137e-10 0
40 25 5.27137e-10 0
40 30 5.27137e-10 0
40 35 5.27137e-10 0
40 40 5.27137e-10 0
40 45 5.27137e-10 0
40 50 5.27137e-10 0
40 55 5.27137e-10 0
40 60 5.27137e-10 0
40 65 5.27137e-10 0
40 70 5.27137e-10 0
40 75 5.27137e-10 0
40 80 5.27137e-10 0
40 85 5.27137e-10 0
40 90 5.27137e-10 0
40 95 5.27137e-10 0
40 100 5.27137e-10 0
40 105 5.27137e-10 0
40 110 5.27137e-10 0
40 115 5.27137e-10 0
40 120 5.27137e-10 0
40 125 5.27137e-10 0
40 130 5.27137e-10 0
40 135 5.27137e-10 0
40 140 5.27137e-10 0
40 145 5.27137e-10 0
40 150 5.27137e-10 0
40 155 5.27137e-10 0
40 160 5.27137e-10 0
40 165 5.27137e-10 0
40 170 5.27137e-10 0
40 175 5.27137e-10 0
40 180 5.27137e-10 0
40 185 5.27137e-10 0
40 190 5.27137e-10 0
40 195 5.27137e-10 0
40 200 5.27137e-10 0
40 205 5.27137e-10 0
40 210 5.27137e-10 0
40 215 5.27137e-10 0
40 220 5.27137e-10 0
40 225 5.27137e-10 0
40 230 5.27137e-10 0
40 235 5.27137e-10 0
40 240 5.27137e-10 0
40 245 5.27137e-10 0
40 250 5.27137e-10 0
40 255 5.27137e-10 0
45 5 5.97483e-13 0
45 10 5.97483e-13 0
45 15 5.97483e-13 0
45 20 5.97483e-13 0
45 25 5.97483e-13 0
45 30 5.97483e-13 0
45 35 5.97483e-13 0
45 40 5.97483e-13 0
45 45 5.97483e-13 0
45 50 5.97483e-13 0
45 55 5.97483e-13 0
45 60 5.97483e-13 0
45 65 5.97483e-13 0
45 70 5.97483e-13 0
45 75 5.97483e-13 0
45 80 5.97483e-13 0
45 85 5.97483e-13 0
45 90 5.97483e-13 0
45 95 5.97483e-13 0
45 100 5.97483e-13 0
45 105 5.97483e-13 0
45 110 5.97483e-13 0
45 115 5.97483e-13 0
45 120 5.97483e-13 0
45 125 5.97483e-13 0
45 130 5.97483e-13 0
45 135 5.97483e-13 0
45 140 5.97483e-13 0
45 145 5.97483e-13 0
45 150 5.97483e-13 0
45 155 5.97483e-13 0
45 160 5.97483e-13 0
45 165 5.97483e-13 0
45 170 5.97483e-13 0
45 175 5.97483e-13 0
45 180 5.97483e-13 0
45 185 5.97483e-13 0
45 190 5.97483e-13 0
45 195 5.97483e-13 0
45 200 5.97483e-13 0
45 205 5.97483e-13 0
45 210 5.97483e-13 0
45 215 5.97483e-13 0
45 220 5.97483e-13 0
45 225 5.97483e-13 0
45 230 5.97483e-13 0
45 235 5.97483e-13 0
45 240 5.97483e-13 0
45 245 5.97483e-13 0
45 250 5.97483e-13 0
45 255 5.97483e-13 0
50 5 -8.17121e-19 -1.63424e-18
50 10 -8.17121e-19 -1.63424e-18
50 15 -8.17121e-19 -1.63424e-18
50 20 -8.17121e-19 -1.63424e-18
50 25 -8.17121e-19 -1.63424e-18
50 30 -8.17121e-19 -1.63424e-18
50 35 -8.17121e-19 -1.63424e-18
50 40 -8.17121e-19 -1.63424e-18
50 45 -8.17121e-19 -1.63424e-18
50 50 -8.17121e-19 -1.63424e-18
50 55 -8.17121e-19 -1.63424e-18
50 60 -8.17121e-19 -1.63424e-18
50 65 -8.17121e-19 -1.63424e-18
50 70 -8.17121e-19 -1.63424e-18
50 75 -8.17121e-19 -1.63424e-18
50 80 -8.17121e-19 -1.63424e-18
50 85 -8.17121e-19 -1.63424e-18
50 90 -8.17121e-19 -1.63424e-18
50 95 -8.17121e-19 -1.63424e-18
50 100 -8.17121e-19 -1.63424e-18
50 105 -8.17121e-19 -1.63424e-18
50 110 -8.17121e-19 -1.63424e-18
50 115 -8.17121e-19 -1.63424e-18
50 120 -8.17121e-19 -1.63424e-18
50 125 -8.17121e-19 -1.63424e-18
50 130 -8.17121e-19 -1.63424e-18
50 135 -8.17121e-19 -1.63424e-18
50 140 -8.17121e-19 -1.63424e-18
50 145 -8.17121e-19 -1.63424e-18
50 150 -8.17121e-19 -1.63424e-18
50 155 -8.17121e-19 -1.63424e-18
50 160 -8.17121e-19 -1.63424e-18
50 165 -8.17121e-19 -1.63424e-18
50 170 -8.17121e-19 -1.63424e-18
50 175 -8.17121e-19 -1.63424e-18
50 180 -8.17121e-19 -1.63424e-18
50 185 -8.17121e-19 -1.63424e-18
50 190 -8.17121e-19 -1.63424e-18
50 195 -8.17121e-19 -1.63424e-18
50 200 -8.17121e-19 -1.63424e-18
50 205 -8.17121e-19 -1.63424e-18
50 210 -8.17121e-19 -1.63424e-18
50 215 -8.17121e-19 -1.63424e-18
50 220 -8.17121e-19 -1.63424e-18
50 225 -8.17121e-19 -1.63424e-18
50 230 -8.17121e-19 -1.63424e-18
50 235 -8.17121e-19 -1.63424e-18
50 240 -8.17121e-19 -1.63424e-18
50 245 -8.17121e-19 -1.63424e-18
50 250 -8.17121e-19 -1.63424e-18
50 255 -8.17121e-19 -1.63424e-18
55 5 0 0
55 10 0 0
55 15 0 0
55 20 0 0
55 25 0 0
55 30 0 0
55 35 0 0
55 40 0 0
55 45 0 0
55 50 0 0
55 55 0 0
55 60 0 0
55 65 0 0
55 70 0 0
55 75 0 0
55 80 0 0
55 85 0 0
55 90 0 0
55 95 0 0
55 100 0 0
55 105 0 0
55 110 0 0
55 115 0 0
55 120 0 0
55 125 0 0
55 130 0 0
55 135 0 0
55 140 0 0
55 145 0 0
55 150 0 0
55 155 0 0
55 160 0 0
55 165 0 0
55 170 0 0
55 175 0 0
55 180 0 0
55 185 0 0
55 190 0 0
55 195 0 0
55 200 0 0
55 205 0 0
55 210 0 0
55 215 0 0
55 220 0 0
55 225 0 0
55 230 0 0
55 235 0 0
55 240 0 0
55 245 0 0
55 250 0 0
55 255 0 0
60 5 0 0
60 10 0 0
60 15 0 0
60 20 0 0
60 25 0 0
60 30 0 0
60 35 0 0
60 40 0 0
60 45 0 0
60 50 0 0
60 55 0 0
60 60 0 0
60 65 0 0
60 70 0 0
60 75 0 0
60 80 0 0
60 85 0 0
60 90 0 0
60 95 0 0
60 100 0 0
60 105 0 0
60 110 0 0
60 115 0 0
60 120 0 0
60 125 0 0
60 130 0 0
60 135 0 0
60 140 0 0
60 145 0 0
60 150 0 0
60 155 0 0
60 160 0 0
60 165 0 0
60 170 0 0
60 175 0 0
60 180 0 0
60 185 0 0
60 190 0 0
60 195 0 0
60 200 0 0
60 205 0 0
60 210 0 0
60 215 0 0
60 220 0 0
60 225 0 0
60 230 0 0
60 235 0 0
60 240 0 0
60 245 0 0
60 250 0 0
60 255 0 0
65 5 0 0
65 10 0 0
65 15 0 0
65 20 0 0
65 25 0 0
65 30 0 0
65 35 0 0
65 40 0 0
65 45 0 0
65 50 0 0
65 55 0 0
65 60 0 0
65 65 0 0
65 70 0 0
65 75 0 0
65 80 0 0
65 85 0 0
65 90 0 0
65 95 0 0
65 100 0 0
65 105 0 0
65 110 0 0
65 115 0 0
65 120 0 0
65 125 0 0
65 130 0 0
65 135 0 0
65 140 0 0
65 145 0 0
65 150 0 0
65 155 0 0
65 160 0 0
65 165 0 0
65 170 0 0
65 175 0 0
65 180 0 0
65 185 0 0
65 190 0 0
65 195 0 0
65 200 0 0
65 205 0 0
65 210 0 0
65 215 0 0
65 220 0 0
65 225 0 0
65 230 0 0
65 235 0 0
65 240 0 0
65 245 0 0
65 250 0 0
65 255 0 0
70 5 0 0
70 10 0 0
70 15 0 0
70 20 0 0
70 25 0 0
70 30 0 0
70 35 0 0
70 40 0 0
70 45 0 0
70 50 0 0
70 55 0 0
70 60 0 0
70 65 0 0
70 70 0 0
70 75 0 0
70 80 0 0
70 85 0 0
70 90 0 0
70 95 0 0
70 100 0 0
70 105 0 0
70 110 0 0
70 115 0 0
70 120 0 0
70 125 0 0
70 130 0 0
70 135 0 0
70 140 0 0
70 145 0 0
70 150 0 0
70 155 0 0
70 160 0 0
70 165 0 0
70 170 0 0
70 175 0 0
70 180 0 0
70 185 0 0
70 190 0 0
70 195 0 0
70 200 0 0
70 205 0 0
70 210 0 0
70 215 0 0
70 220 0 0
70 225 0 0
70 230 0 0
70 235 0 0
70 240 0 0
70 245 0 0
70 250 0 0
70 255 0 0
75 5 0 0
75 10 0 0
75 15 0 0
75 20 0 0
75 25 0 0
75 30 0 0
75 35 0 0
75 40 0 0
75 45 0 0
75 50 0 0
75 55 0 0
75 60 0 0
75 65 0 0
75 70 0 0
75 75 0 0
75 80 0 0
75 85 0 0
75 90 0 0
75 95 0 0
75 100 0 0
75 105 0 0
75 110 0 0
75 115 0 0
75 120 0 0
75 125 0 0
75 130 0 0
75 135 0 0
75 140 0 0
75 145 0 0
75 150 0 0
75 155 0 0
75 160 0 0
75 165 0 0
75 170 0 0
75 175 0 0
75 180 0 0
75 185 0 0
75 190 0 0
75 195 0 0
75 200 0 0
75 205 0 0
75 210 0 0
75 215 0 0
75 220 0 0
75 225 0 0
75 230 0 0
75 235 0 0
75 240 0 0
75 245 0 0
75 250 0 0
75 255 0 0
80 5 0 0
80 10 0 0
80 15 0 0
80 20 0 0
80 25 0 0
80 30 0 0
80 35 0 0
80 40 0 0
80 45 0 0
80 50 0 0
80 55 0 0
80 60 0 0
80 65 0 0
80 70 0 0
80 75 0 0
80 80 0 0
80 85 0 0
80 90 0 0
80 95 0 0
80 100 0 0
80 105 0 0
80 110 0 0
80 115 0 0
80 120 0 0
80 125 0 0
80 130 0 0
80 135 0 0
80 140 0 0
80 145 0 0
80 150 0 0
80 155 0 0
80 160 0 0
80 165 0 0
80 170 0 0
80 175 0 0
80 180 0 0
80 185 0 0
80 190 0 0
80 195 0 0
80 200 0 0
80 205 0 0
80 210 0 0
80 215 0 0
80 220 0 0
80 225 0 0
80 230 0 0
80 235 0 0
80 240 0 0
80 245 0 0
80 250 0 0
80 255 0 0
85 5 0 0
85 10 0 0
85 15 0 0
85 20 0 0
85 25 0 0
85 30 0 0
85 35 0 0
85 40 0 0
85 45 0 0
85 50 0 0
85 55 0 0
85 60 0 0
85 65 0 0
85 70 0 0
85 75 0 0
85 80 0 0
85 85 0 0
85 90 0 0
85 95 0 0
85 100 0 0
85 105 0 0
85 110 0 0
85 115 0 0
85 120 0 0
85 125 0 0
85 130 0 0
85 135 0 0
85 140 0 0
85 145 0 0
85 150 0 0
85 155 0 0
85 160 0 0
85 165 0 0
85 170 0 0
85 175 0 0
85 180 0 0
85 185 0 0
85 190 0 0
85 195 0 0
85 200 0 0
85 205 0 0
85 210 0 0
85 215 0 0
85 220 0 0
85 225 0 0
85 230 0 0
85 235 0 0
85 240 0 0
85 245 0 0
85 250 0 0
85 255 0 0
90 5 0 0
90 10 0 0
90 15 0 0
90 20 0 0
90 25 0 0
90 30 0 0
90 35 0 0
90 40 0 0
90 45 0 0
90 50 0 0
90 55 0 0
90 60 0 0
90 65 0 0
90 70 0 0
90 75 0 0
90 80 0 0
90 85 0 0
90 90 0 0
90 95 0 0
90 100 0 0
90 105 0 0
90 110 0 0
90 115 0 0
90 120 0 0
90 125 0 0
90 130 0 0
90 135 0 0
90 140 0 0
90 145 0 0
90 150 0 0
90 155 0 0
90 160 0 0
90 165 0 0
90 170 0 0
90 175 0 0
90 180 0 0
90 185 0 0
90 190 0 0
90 195 0 0
90 200 0 0
90 205 0 0
90 210 0 0
90 215 0 0
90 220 0 0
90 225 0 0
90 230 0 0
90 235 0 0
90 240 0 0
90 245 0 0
90 250 0 0
90 255 0 0
95 5 0 0
95 10 0 0
95 15 0 0
95 20 0 0
95 25 0 0
95 30 0 0
95 35 0 0
95 40 0 0
95 45 0 0
95 50 0 0
95 55 0 0
95 60 0 0
95 65 0 0
95 70 0 0
95 75 0 0
95 80 0 0
95 85 0 0
95 90 0 0
95 95 0 0
95 100 0 0
95 105 0 0
95 110 0 0
95 115 0 0
95 120 0 0
95 125 0 0
95 130 0 0
95 135 0 0
95 140 0 0
95 145 0 0
95 150 0 0
95 155 0 0
95 160 0 0
95 165 0 0
95 170 0 0
95 175 0 0
95 180 0 0
95 185 0 0
95 190 0 0
95 195 0 0
95 200 0 0
95 205 0 0
95 210 0 0
95 215 0 0
95 220 0 0
95 225 0 0
95 230 0 0
95 235 0 0
95 240 0 0
95 245 0 0
95 250 0 0
95 255 0 0
100 5 0 0
100 10 0 0
100 15 0 0
100 20 0 0
100 25 0 0
100 30 0 0
100 35 0 0
100 40 0 0
100 45 0 0
100 50 0 0
100 55 0 0
100 60 0 0
100 65 0 0
100 70 0 0
100 75 0 0
100 80 0 0
100 85 0 0
100 90 0 0
100 95 0 0
100 100 0 0
100 105 0 0
100 110 0 0
100 115 0 0
100 120 0 0
100 125 0 0
100 130 0 0
100 135 0 0
100 140 0 0
100 145 0 0
100 150 0 0
100 155 0 0
100 160 0 0
100 165 0 0
100 170 0 0
100 175 0 0
100 180 0 0
100 185 0 0
100 190 0 0
100 195 0 0
100 200 0 0
100 205 0 0
100 210 0 0
100 215 0 0
100 220 0 0
100 225 0 0
100 230 0 0
100 235 0 0
100 240 0 0
100 245 0 0
100 250 0 0
100 255 0 0
105 5 0 0
105 10 0 0
105 15 0 0
105 20 0 0
105 25 0 0
105 30 0 0
105 35 0 0
105 40 0 0
105 45 0 0
105 50 0 0
105 55 0 0
105 60 0 0
105 65 0 0
105 70 0 0
105 75 0 0
105 80 0 0
105 85 0 0
105 90 0 0
105 95 0 0
105 100 0 0
105 105 0 0
105 110 0 0
105 115 0 0
105 120 0 0
105 125 0 0
105 130 0 0
105 135 0 0
105 140 0 0
105 145 0 0
105 150 0 0
105 155 0 0
105 160 0 0
105 165 0 0
105 170 0 0
105 175 0 0
105 180 0 0
105 185 0 0
105 190 0 0
105 195 0 0
105 200 0 0
105 205 0 0
105 210 0 0
105 215 0 0
105 220 0 0
105 225 0 0
105 230 0 0
105 235 0 0
105 240 0 0
105 245 0 0
105 250 0 0
105 255 0 0
110 5 0 0
110 10 0 0
110 15 0 0
110 20 0 0
110 25 0 0
110 30 0 0
110 35 0 0
110 40 0 0
110 45 0 0
110 50 0 0
110 55 0 0
110 60 0 0
110 65 0 0
110 70 0 0
110 75 0 0
110 80 0 0
110 85 0 0
110 90 0 0
110 95 0 0
110 100 0 0
110 105 0 0
110 110 0 0
110 115 0 0
110 120 0 0
110 125 0 0
110 130 0 0
110 135 0 0
110 140 0 0
110 145 0 0
110 150 0 0
110 155 0 0
110 160 0 0
110 165 0 0
110 170 0 0
110 175 0 0
110 180 0 0
110 185 0 0
110 190 0 0
110 195 0 0
110 200 0 0
110 205 0 0
110 210 0 0
110 215 0 0
110 220 0 0
110 225 0 0
110 230 0 0
110 235 0 0
110 240 0 0
110 245 0 0
110 250 0 0
110 255 0 0
115 5 0 0
115 10 0 0
115 15 0 0
115 20 0 0
115 25 0 0
115 30 0 0
115 35 0 0
115 40 0 0
115 45 0 0
115 50 0 0
115 55 0 0
115 60 0 0
115 65 0 0
115 70 0 0
115 75 0 0
115 80 0 0
115 85 0 0
115 90 0 0
115 95 0 0
115 100 0 0
115 105 0 0
115 110 0 0
115 115 0 0
115 120 0 0
115 125 0 0
115 130 0 0
115 135 0 0
115 140 0 0
115 145 0 0
115 150 0 0
115 155 0 0
115 160 0 0
115 165 0 0
115 170 0 0
115 175 0 0
115 180 0 0
115 185 0 0
115 190 0 0
115 195 0 0
115 200 0 0
115 205 0 0
115 210 0 0
115 215 0 0
115 220 0 0
115 225 0 0
115 230 0 0
115 235 0 0
115 240 0 0
115 245 0 0
115 250 0 0
115 255 0 0
120 5 0 0
120 10 0 0
120 15 0 0
120 20 0 0
120 25 0 0
120 30 0 0
120 35 0 0
120 40 0 0
120 45 0 0
120 50 0 0
120 55 0 0
120 60 0 0
120 65 0 0
120 70 0 0
120 75 0 0
120 80 0 0
120 85 0 0
120 90 0 0
120 95 0 0
120 100 0 0
120 105 0 0
120 110 0 0
120 115 0 0
120 120 0 0
120 125 0 0
120 130 0 0
120 135 0 0
120 140 0 0
120 145 0 0
120 150 0 0
120 155 0 0
120 160 0 0
120 165 0 0
120 170 0 0
120 175 0 0
120 180 0 0
120 185 0 0
120 190 0 0
120 195 0 0
120 200 0 0
120 205 0 0
120 210 0 0
120 215 0 0
120 220 0 0
120 225 0 0
120 230 0 0
120 235 0 0
120 240 0 0
120 245 0 0
120 250 0 0
120 255 0 0
125 5 0 0
125 10 0 0
125 15 0 0
125 20 0 0
125 25 0 0
125 30 0 0
125 35 0 0
125 40 0 0
125 45 0 0
125 50 0 0
125 55 0 0
125 60 0 0
125 65 0 0
125 70 0 0
125 75 0 0
125 80 0 0
125 85 0 0
125 90 0 0
125 95 0 0
125 100 0 0
125 105 0 0
125 110 0 0
125 115 0 0
125 120 0 0
125 125 0 0
125 130 0 0
125 135 0 0
125 140 0 0
125 145 0 0
125 150 0 0
125 155 0 0
125 160 0 0
125 165 0 0
125 170 0 0
125 175 0 0
125 180 0 0
125 185 0 0
125 190 0 0
125 195 0 0
125 200 0 0
125 205 0 0
125 210 0 0
125 215 0 0
125 220 0 0
125 225 0 0
125 230 0 0
125 235 0 0
125 240 0 0
125 245 0 0
125 250 0 0
125 255 0 0
130 5 0 0
130 10 0 0
130 15 0 0
130 20 0 0
130 25 0 0
130 30 0 0
130 35 0 0
130 40 0 0
130 45 0 0
130 50 0 0
130 55 0 0
130 60 0 0
130 65 0 0
130 70 0 0
130 75 0 0
130 80 0 0
130 85 0 0
130 90 0 0
130 95 0 0
130 100 0 0
130 105 0 0
130 110 0 0
130 115 0 0
130 120 0 0
130 125 0 0
130 130 0 0
130 135 0 0
130 140 0 0
130 145 0 0
130 150 0 0
130 155 0 0
130 160 0 0
130 165 0 0
130 170 0 0
130 175 0 0
130 180 0 0
130 185 0 0
130 190 0 0
130 195 0 0
130 200 0 0
130 205 0 0
130 210 0 0
130 215 0 0
130 220 0 0
130 225 0 0
130 230 0 0
130 235 0 0
130 240 0 0
130 245 0 0
130 250 0 0
130 255 0 0
135 5 0 0
135 10 0 0
135 15 0 0
135 20 0 0
135 25 0 0
135 30 0 0
135 35 0 0
135 40 0 0
135 45 0 0
135 50 0 0
135 55 0 0
135 60 0 0
135 65 0 0
135 70 0 0
135 75 0 0
135 80 0 0
135 85 0 0
135 90 0 0
135 95 0 0
135 100 0 0
135 105 0 0
135 110 0 0
135 115 0 0
135 120 0 0
135 125 0 0
135 130 0 0
135 135 0 0
135 140 0 0
135 145 0 0
135 150 0 0
135 155 0 0
135 160 0 0
135 165 0 0
135 170 0 0
135 175 0 0
135 180 0 0
135 185 0 0
135 190 0 0
135 195 0 0
135 200 0 0
135 205 0 0
135 210 0 0
135 215 0 0
135 220 0 0
135 225 0 0
135 230 0 0
135 235 0 0
135 240 0 0
135 245 0 0
135 250 0 0
135 255 0 0
140 5 0 0
140 10 0 0
140 15 0 0
140 20 0 0
140 25 0 0
140 30 0 0
140 35 0 0
140 40 0 0
140 45 0 0
140 50 0 0
140 55 0 0
140 60 0 0
140 65 0 0
140 70 0 0
140 75 0 0
140 80 0 0
140 85 0 0
140 90 0 0
140 95 0 0
140 100 0 0
140 105 0 0
140 110 0 0
140 115 0 0
140 120 0 0
140 125 0 0
140 130 0 0
140 135 0 0
140 140 0 0
140 145 0 0
140 150 0 0
140 155 0 0
140 160 0 0
140 165 0 0
140 170 0 0
140 175 0 0
140 180 0 0
140 185 0 0
140 190 0 0
140 195 0 0
140 200 0 0
140 205 0 0
140 210 0 0
140 215 0 0
140 220 0 0
140 225 0 0
140 230 0 0
140 235 0 0
140 240 0 0
140 245 0 0
140 250 0 0
140 255 0 0
145 5 0 0
145 10 0 0
145 15 0 0
145 20 0 0
145 25 0 0
145 30 0 0
145 35 0 0
145 40 0 0
145 45 0 0
145 50 0 0
145 55 0 0
145 60 0 0
145 65 0 0
145 70 0 0
145 75 0 0
145 80 0 0
145 85 0 0
145 90 0 0
145 95 0 0
145 100 0 0
145 105 0 0
145 110 0 0
145 115 0 0
145 120 0 0
145 125 0 0
145 130 0 0
145 135 0 0
145 140 0 0
145 145 0 0
145 150 0 0
145 155 0 0
145 160 0 0
145 165 0 0
145 170 0 0
145 175 0 0
145 180 0 0
145 185 0 0
145 190 0 0
145 195 0 0
145 200 0 0
145 205 0 0
145 210 0 0
145 215 0 0
145 220 0 0
145 225 0 0
145 230 0 0
145 235 0 0
145 240 0 0
145 245 0 0
145 250 0 0
145 255 0 0
150 5 0 0
150 10 0 0
150 15 0 0
150 20 0 0
150 25 0 0
150 30 0 0
150 35 0 0
150 40 0 0
150 45 0 0
150 50 0 0
150 55 0 0
150 60 0 0
150 65 0 0
150 70 0 0
150 75 0 0
150 80 0 0
150 85 0 0
150 90 0 0
150 95 0 0
150 100 0 0
150 105 0 0
150 110 0 0
150 115 0 0
150 120 0 0
150 125 0 0
150 130 0 0
150 135 0 0
150 140 0 0
150 145 0 0
150 150 0 0
150 155 0 0
150 160 0 0
150 165 0 0
150 170 0 0
150 175 0 0
150 180 0 0
150 185 0 0
150 190 0 0
150 195 0 0
150 200 0 0
150 205 0 0
150 210 0 0
150 215 0 0
150 220 0 0
150 225 0 0
150 230 0 0
150 235 0 0
150 240 0 0
150 245 0 0
150 250 0 0
150 255 0 0
155 5 0 0
155 10 0 0
155 15 0 0
155 20 0 0
155 25 0 0
155 30 0 0
155 35 0 0
155 40 0 0
155 45 0 0
155 50 0 0
155 55 0 0
155 60 0 0
155 65 0 0
155 70 0 0
155 75 0 0
155 80 0 0
155 85 0 0
155 90 0 0
155 95 0 0
155 100 0 0
155 105 0 0
155 110 0 0
155 115 0 0
155 120 0 0
155 125 0 0
155 130 0 0
155 135 0 0
155 140 0 0
155 145 0 0
155 150 0 0
155 155 0 0
155 160 0 0
155 165 0 0
155 170 0 0
155 175 0 0
155 180 0 0
155 185 0 0
155 190 0 0
155 195 0 0
155 200 0 0
155 205 0 0
155 210 0 0
155 215 0 0
155 220 0 0
155 225 0 0
155 230 0 0
155 235 0 0
155 240 0 0
155 245 0 0
155 250 0 0
155 255 0 0
160 5 0 0
160 10 0 0
160 15 0 0
160 20 0 0
160 25 0 0
160 30 0 0
160 35 0 0
160 40 0 0
160 45 0 0
160 50 0 0
160 55 0 0
160 60 0 0
160 65 0 0
160 70 0 0
160 75 0 0
160 80 0 0
160 85 0 0
160 90 0 0
160 95 0 0
160 100 0 0
160 105 0 0
160 110 0 0
160 115 0 0
160 120 0 0
160 125 0 0
160 130 0 0
160 135 0 0
160 140 0 0
160 145 0 0
160 150 0 0
160 155 0 0
160 160 0 0
160 165 0 0
160 170 0 0
160 175 0 0
160 180 0 0
160 185 0 0
160 190 0 0
160 195 0 0
160 200 0 0
160 205 0 0
160 210 0 0
160 215 0 0
160 220 0 0
160 225 0 0
160 230 0 0
160 235 0 0
160 240 0 0
160 245 0 0
160 250 0 0
160 255 0 0
165 5 0 0
165 10 0 0
165 15 0 0
165 20 0 0
165 25 0 0
165 30 0 0
165 35 0 0
165 40 0 0
165 45 0 0
165 50 0 0
165 55 0 0
165 60 0 0
165 65 0 0
165 70 0 0
165 75 0 0
165 80 0 0
165 85 0 0
165 90 0 0
165 95 0 0
165 100 0 0
165 105 0 0
165 110 0 0
165 115 0 0
165 120 0 0
165 125 0 0
165 130 0 0
165 135 0 0
165 140 0 0
165 145 0 0
165 150 0 0
165 155 0 0
165 160 0 0
165 165 0 0
165 170 0 0
165 175 0 0
165 180 0 0
165 185 0 0
165 190 0 0
165 195 0 0
165 200 0 0
165 205 0 0
165 210 0 0
165 215 0 0
165 220 0 0
165 225 0 0
165 230 0 0
165 235 0 0
165 240 0 0
165 245 0 0
165 250 0 0
165 255 0 0
170 5 0 0
170 10 0 0
170 15 0 0
170 20 0 0
170 25 0 0
170 30 0 0
170 35 0 0
170 40 0 0
170 45 0 0
170 50 0 0
170 55 0 0
170 60 0 0
170 65 0 0
170 70 0 0
170 75 0 0
170 80 0 0
170 85 0 0
170 90 0 0
170 95 0 0
170 100 0 0
170 105 0 0
170 110 0 0
170 115 0 0
170 120 0 0
170 125 0 0
170 130 0 0
170 135 0 0
170 140 0 0
170 145 0 0
170 150 0 0
170 155 0 0
170 160 0 0
170 165 0 0
170 170 0 0
170 175 0 0
170 180 0 0
170 185 0 0
170 190 0 0
170 195 0 0
170 200 0 0
170 205 0 0
170 210 0 0
170 215 0 0
170 220 0 0
170 225 0 0
170 230 0 0
170 235 0 0
170 240 0 0
170 245 0 0
170 250 0 0
170 255 0 0
175 5 0 0
175 10 0 0
175 15 0 0
175 20 0 0
175 25 0 0
175 30 0 0
175 35 0 0
175 40 0 0
175 45 0 0
175 50 0 0
175 55 0 0
175 60 0 0
175 65 0 0
175 70 0 0
175 75 0 0
175 80 0 0
175 85 0 0
175 90 0 0
175 95 0 0
175 100 0 0
175 105 0 0
175 110 0 0
175 115 0 0
175 120 0 0
175 125 0 0
175 130 0 0
175 135 0 0
175 140 0 0
175 145 0 0
175 150 0 0
175 155 0 0
175 160 0 0
175 165 0 0
175 170 0 0
175 175 0 0
175 180 0 0
175 185 0 0
175 190 0 0
175 195 0 0
175 200 0 0
175 205 0 0
175 210 0 0
175 215 0 0
175 220 0 0
175 225 0 0
175 230 0 0
175 235 0 0
175 240 0 0
175 245 0 0
175 250 0 0
175 255 0 0
180 5 0 0
180 10 0 0
180 15 0 0
180 20 0 0
180 25 0 0
180 30 0 0
180 35 0 0
180 40 0 0
180 45 0 0
180 50 0 0
180 55 0 0
180 60 0 0
180 65 0 0
180 70 0 0
180 75 0 0
180 80 0 0
180 85 0 0
180 90 0 0
180 95 0 0
180 100 0 0
180 105 0 0
180 110 0 0
180 115 0 0
180 120 0 0
180 125 0 0
180 130 0 0
180 135 0 0
180 140 0 0
180 145 0 0
180 150 0 0
180 155 0 0
180 160 0 0
180 165 0 0
180 170 0 0
180 175 0 0
180 180 0 0
180 185 0 0
180 190 0 0
180 195 0 0
180 200 0 0
180 205 0 0
180 210 0 0
180 215 0 0
180 220 0 0
180 225 0 0
180 230 0 0
180 235 0 0
180 240 0 0
180 245 0 0
180 250 0 0
180 255 0 0
185 5 0 0
185 10 0 0
185 15 0 0
185 20 0 0
185 25 0 0
185 30 0 0
185 35 0 0
185 40 0 0
185 45 0 0
185 50 0 0
185 55 0 0
185 60 0 0
185 65 0 0
185 70 0 0
185 75 0 0
185 80 0 0
185 85 0 0
185 90 0 0
185 95 0 0
185 100 0 0
185 105 0 0
185 110 0 0
185 115 0 0
185 120 0 0
185 125 0 0
185 130 0 0
185 135 0 0
185 140 0 0
185 145 0 0
185 150 0 0
185 155 0 0
185 160 0 0
185 165 0 0
185 170 0 0
185 175 0 0
185 180 0 0
185 185 0 0
185 190 0 0
185 195 0 0
185 200 0 0
185 205 0 0
185 210 0 0
185 215 0 0
185 220 0 0
185 225 0 0
185 230 0 0
185 235 0 0
185 240 0 0
185 245 0 0
185 250 0 0
185 255 0 0
190 5 0 0
190 10 0 0
190 15 0 0
190 20 0 0
190 25 0 0
190 30 0 0
190 35 0 0
190 40 0 0
190 45 0 0
190 50 0 0
190 55 0 0
190 60 0 0
190 65 0 0
190 70 0 0
190 75 0 0
190 80 0 0
190 85 0 0
190 90 0 0
190 95 0 0
190 100 0 0
190 105 0 0
190 110 0 0
190 115 0 0
190 120 0 0
190 125 0 0
190 130 0 0
190 135 0 0
190 140 0 0
190 145 0 0
190 150 0 0
190 155 0 0
190 160 0 0
190 165 0 0
190 170 0 0
190 175 0 0
190 180 0 0
190 185 0 0
190 190 0 0
190 195 0 0
190 200 0 0
190 205 0 0
190 210 0 0
190 215 0 0
190 220 0 0
190 225 0 0
190 230 0 0
190 235 0 0
190 240 0 0
190 245 0 0
190 250 0 0
190 255 0 0
195 5 0 0
195 10 0 0
195 15 0 0
195 20 0 0
195 25 0 0
195 30 0 0
195 35 0 0
195 40 0 0
195 45 0 0
195 50 0 0
195 55 0 0
195 60 0 0
195 65 0 0
195 70 0 0
195 75 0 0
195 80 0 0
195 85 0 0
195 90 0 0
195 95 0 0
195 100 0 0
195 105 0 0
195 110 0 0
195 115 0 0
195 120 0 0
195 125 0 0
195 130 0 0
195 135 0 0
195 140 0 0
195 145 0 0
195 150 0 0
195 155 0 0
195 160 0 0
195 165 0 0
195 170 0 0
195 175 0 0
195 180 0 0
195 185 0 0
195 190 0 0
195 195 0 0
195 200 0 0
195 205 0 0
195 210 0 0
195 215 0 0
195 220 0 0
195 225 0 0
195 230 0 0
195 235 0 0
195 240 0 0
195 245 0 0
195 250 0 0
195 255 0 0
200 5 0 0
200 10 0 0
200 15 0 0
200 20 0 0
200 25 0 0
200 30 0 0
200 35 0 0
200 40 0 0
200 45 0 0
200 50 0 0
200 55 0 0
200 60 0 0
200 65 0 0
200 70 0 0
200 75 0 0
200 80 0 0
200 85 0 0
200 90 0 0
200 95 0 0
200 100 0 0
200 105 0 0
200 110 0 0
200 115 0 0
200 120 0 0
200 125 0 0
200 130 0 0
200 135 0 0
200 140 0 0
200 145 0 0
200 150 0 0
200 155 0 0
200 160 0 0
200 165 0 0
200 170 0 0
200 175 0 0
200 180 0 0
200 185 0 0
200 190 0 0
200 195 0 0
200 200 0 0
200 205 0 0
200 210 0 0
200 215 0 0
200 220 0 0
200 225 0 0
200 230 0 0
200 235 0 0
200 240 0 0
200 245 0 0
200 250 0 0
200 255 0 0
205 5 0 0
205 10 0 0
205 15 0 0
205 20 0 0
205 25 0 0
205 30 0 0
205 35 0 0
205 40 0 0
205 45 0 0
205 50 0 0
205 55 0 0
205 60 0 0
205 65 0 0
205 70 0 0
205 75 0 0
205 80 0 0
205 85 0 0
205 90 0 0
205 95 0 0
205 100 0 0
205 105 0 0
205 110 0 0
205 115 0 0
205 120 0 0
205 125 0 0
205 130 0 0
205 135 0 0
205 140 0 0
205 145 0 0
205 150 0 0
205 155 0 0
205 160 0 0
205 165 0 0
205 170 0 0
205 175 0 0
205 180 0 0
205 185 0 0
205 190 0 0
205 195 0 0
205 200 0 0
205 205 0 0
205 210 0 0
205 215 0 0
205 220 0 0
205 225 0 0
205 230 0 0
205 235 0 0
205 240 0 0
205 245 0 0
205 250 0 0
205 255 0 0
210 5 0 0
210 10 0 0
210 15 0 0
210 20 0 0
210 25 0 0
210 30 0 0
210 35 0 0
210 40 0 0
210 45 0 0
210 50 0 0
210 55 0 0
210 60 0 0
210 65 0 0
210 70 0 0
210 75 0 0
210 80 0 0
210 85 0 0
210 90 0 0
210 95 0 0
210 100 0 0
210 105 0 0
210 110 0 0
210 115 0 0
210 120 0 0
210 125 0 0
210 130 0 0
210 135 0 0
210 140 0 0
210 145 0 0
210 150 0 0
210 155 0 0
210 160 0 0
210 165 0 0
210 170 0 0
210 175 0 0
210 180 0 0
210 185 0 0
210 190 0 0
210 195 0 0
210 200 0 0
210 205 0 0
210 210 0 0
210 215 0 0
210 220 0 0
210 225 0 0
210 230 0 0
210 235 0 0
210 240 0 0
210 245 0 0
210 250 0 0
210 255 0 0
215 5 0 0
215 10 0 0
215 15 0 0
215 20 0 0
215 25 0 0
215 30 0 0
215 35 0 0
215 40 0 0
215 45 0 0
215 50 0 0
215 55 0 0
215 60 0 0
215 65 0 0
215 70 0 0
215 75 0 0
215 80 0 0
215 85 0 0
215 90 0 0
215 95 0 0
215 100 0 0
215 105 0 0
215 110 0 0
215 115 0 0
215 120 0 0
215 125 0 0
215 130 0 0
215 135 0 0
215 140 0 0
215 145 0 0
215 150 0 0
215 155 0 0
215 160 0 0
215 165 0 0
215 170 0 0
215 175 0 0
215 180 0 0
215 185 0 0
215 190 0 0
215 195 0 0
215 200 0 0
215 205 0 0
215 210 0 0
215 215 0 0
215 220 0 0
215 225 0 0
215 230 0 0
215 235 0 0
215 240 0 0
215 245 0 0
215 250 0 0
215 255 0 0
220 5 0 0
220 10 0 0
220 15 0 0
220 20 0 0
220 25 0 0
220 30 0 0
220 35 0 0
220 40 0 0
220 45 0 0
220 50 0 0
220 55 0 0
220 60 0 0
220 65 0 0
220 70 0 0
220 75 0 0
220 80 0 0
220 85 0 0
220 90 0 0
220 95 0 0
220 100 0 0
220 105 0 0
220 110 0 0
220 115 0 0
220 120 0 0
220 125 0 0
220 130 0 0
220 135 0 0
220 140 0 0
220 145 0 0
220 150 0 0
220 155 0 0
220 160 0 0
220 165 0 0
220 170 0 0
220 175 0 0
220 180 0 0
220 185 0 0
220 190 0 0
220 195 0 0
220 200 0 0
220 205 0 0
220 210 0 0
220 215 0 0
220 220 0 0
220 225 0 0
220 230 0 0
220 235 0 0
220 240 0 0
220 245 0 0
220 250 0 0
220 255 0 0
225 5 0 0
225 10 0 0
225 15 0 0
225 20 0 0
225 25 0 0
225 30 0 0
225 35 0 0
225 40 0 0
225 45 0 0
225 50 0 0
225 55 0 0
225 60 0 0
225 65 0 0
225 70 0 0
225 75 0 0
225 80 0 0
225 85 0 0
225 90 0 0
225 95 0 0
225 100 0 0
225 105 0 0
225 110 0 0
225 115 0 0
225 120 0 0
225 125 0 0
225 130 0 0
225 135 0 0
225 140 0 0
225 145 0 0
225 150 0 0
225 155 0 0
225 160 0 0
225 165 0 0
225 170 0 0
225 175 0 0
225 180 0 0
225 185 0 0
225 190 0 0
225 195 0 0
225 200 0 0
225 205 0 0
225 210 0 0
225 215 0 0
225 220 0 0
225 225 0 0
225 230 0 0
225 235 0 0
225 240 0 0
225 245 0 0
225 250 0 0
225 255 0 0
230 5 0 0
230 10 0 0
230 15 0 0
230 20 0 0
230 25 0 0
230 30 0 0
230 35 0 0
230 40 0 0
230 45 0 0
230 50 0 0
230 55 0 0
230 60 0 0
230 65 0 0
230 70 0 0
230 75 0 0
230 80 0 0
230 85 0 0
230 90 0 0
230 95 0 0
230 100 0 0
230 105 0 0
230 110 0 0
230 115 0 0
230 120 0 0
230 125 0 0
230 130 0 0
230 135 0 0
230 140 0 0
230 145 0 0
230 150 0 0
230 155 0 0
230 160 0 0
230 165 0 0
230 170 0 0
230 175 0 0
230 180 0 0
230 185 0 0
230 190 0 0
230 195 0 0
230 200 0 0
230 205 0 0
230 210 0 0
230 215 0 0
230 220 0 0
230 225 0 0
230 230 0 0
230 235 0 0
230 240 0 0
230 245 0 0
230 250 0 0
230 255 0 0
235 5 0 0
235 10 0 0
235 15 0 0
235 20 0 0
235 25 0 0
235 30 0 0
235 35 0 0
235 40 0 0
235 45 0 0
235 50 0 0
235 55 0 0
235 60 0 0
235 65 0 0
235 70 0 0
235 75 0 0
235 80 0 0
235 85 0 0
235 90 0 0
235 95 0 0
235 100 0 0
235 105 0 0
235 110 0 0
235 115 0 0
235 120 0 0
235 125 0 0
235 130 0 0
235 135 0 0
235 140 0 0
235 145 0 0
235 150 0 0
235 155 0 0
235 160 0 0
235 165 0 0
235 170 0 0
235 175 0 0
235 180 0 0
235 185 0 0
235 190 0 0
235 195 0 0
235 200 0 0
235 205 0 0
235 210 0 0
235 215 0 0
235 220 0 0
235 225 0 0
235 230 0 0
235 235 0 0
235 240 0 0
235 245 0 0
235 250 0 0
235 255 0 0
240 5 0 0
240 10 0 0
240 15 0 0
240 20 0 0
240 25 0 0
240 30 0 0
240 35 0 0
240 40 0 0
240 45 0 0
240 50 0 0
240 55 0 0
240 60 0 0
240 65 0 0
240 70 0 0
240 75 0 0
240 80 0 0
240 85 0 0
240 90 0 0
240 95 0 0
240 100 0 0
240 105 0 0
240 110 0 0
240 115 0 0
240 120 0 0
240 125 0 0
240 130 0 0
240 135 0 0
240 140 0 0
240 145 0 0
240 150 0 0
240 155 0 0
240 160 0 0
240 165 0 0
240 170 0 0
240 175 0 0
240 180 0 0
240 185 0 0
240 190 0 0
240 195 0 0
240 200 0 0
240 205 0 0
240 210 0 0
240 215 0 0
240 220 0 0
240 225 0 0
240 230 0 0
240 235 0 0
240 240 0 0
240 245 0 0
240 250 0 0
240 255 0 0
245 5 0 0
245 10 0 0
245 15 0 0
245 20 0 0
245 25 0 0
245 30 0 0
245 35 0 0
245 40 0 0
245 45 0 0
245 50 0 0
245 55 0 0
245 60 0 0
245 65 0 0
245 70 0 0
245 75 0 0
245 80 0 0
245 85 0 0
245 90 0 0
245 95 0 0
245 100 0 0
245 105 0 0
245 110 0 0
245 115 0 0
245 120 0 0
245 125 0 0
245 130 0 0
245 135 0 0
245 140 0 0
245 145 0 0
245 150 0 0
245 155 0 0
245 160 0 0
245 165 0 0
245 170 0 0
245 175 0 0
245 180 0 0
245 185 0 0
245 190 0 0
245 195 0 0
245 200 0 0
245 205 0 0
245 210 0 0
245 215 0 0
245 220 0 0
245 225 0 0
245 230 0 0
245 235 0 0
245 240 0 0
245 245 0 0
245 250 0 0
245 255 0 0
250 5 0 0
250 10 0 0
250 15 0 0
250 20 0 0
250 25 0 0
250 30 0 0
250 35 0 0
250 40 0 0
250 45 0 0
250 50 0 0
250 55 0 0
250 60 0 0
250 65 0 0
250 70 0 0
250 75 0 0
250 80 0 0
250 85 0 0
250 90 0 0
250 95 0 0
250 100 0 0
250 105 0 0
250 110 0 0
250 115 0 0
250 120 0 0
250 125 0 0
250 130 0 0
250 135 0 0
250 140 0 0
250 145 0 0
250 150 0 0
250 155 0 0
250 160 0 0
250 165 0 0
250 170 0 0
250 175 0 0
250 180 0 0
250 185 0 0
250 190 0 0
250 195 0 0
250 200 0 0
250 205 0 0
250 210 0 0
250 215 0 0
250 220 0 0
250 225 0 0
250 230 0 0
250 235 0 0
250 240 0 0
250 245 0 0
250 250 0 0
250 255 0 0
255 5 0 0
255 10 0 0
255 15 0 0
255 20 0 0
255 25 0 0
255 30 0 0
255 35 0 0
255 40 0 0
255 45 0 0
255 50 0 0
255 55 0 0
255 60 0 0
255 65 0 0
255 70 0 0
255 75 0 0
255 80 0 0
255 85 0 0
255 90 0 0
255 95 0 0
255 100 0 0
255 105 0 0
255 110 0 0
255 115 0 0
255 120 0 0
255 125 0 0
255 130 0 0
255 135 0 0
255 140 0 0
255 145 0 0
255 150 0 0
255 155 0 0
255 160 0 0
255 165 0 0
255 170 0 0
255 175 0 0
255 180 0 0
255 185 0 0
255 190 0 0
255 195 0 0
255 200 0 0
255 205 0 0
255 210 0 0
255 215 0 0
255 220 0 0
255 225 0 0
255 230 0 0
255 235 0 0
255 240 0 0
255 245 0 0
255 250 0 0
255 255 0 0
