5 5 0.0400381 1.84568
5 10 0.0600069 1.90833
5 15 0.0282303 1.90711
5 20 0.0638444 1.90434
5 25 0.0805769 1.90132
5 30 0.0870817 1.89843
5 35 0.0881403 1.89549
5 40 0.0898864 1.89239
5 45 0.0899762 1.88914
5 50 0.0910788 1.8857
5 55 0.091478 1.88207
5 60 0.0927649 1.87821
5 65 0.0934557 1.87415
5 70 0.0949732 1.86984
5 75 0.0959262 1.86529
5 80 0.0976272 1.86046
5 85 0.0987546 1.85537
5 90 0.100613 1.84996
5 95 0.101893 1.84426
5 100 0.103908 1.83821
5 105 0.105347 1.83181
5 110 0.107536 1.82503
5 115 0.109154 1.81785
5 120 0.11154 1.81024
5 125 3.19877 9.9702e-15
5 130 3.19877 9.9702e-15
5 135 3.19877 9.9702e-15
5 140 0.109962 -1.81486
5 145 0.108305 -1.82221
5 150 0.106079 -1.82915
5 155 0.104606 -1.83569
5 160 0.102558 -1.84188
5 165 0.101247 -1.84772
5 170 0.0993579 -1.85324
5 175 0.0981992 -1.85845
5 180 0.0964658 -1.86339
5 185 0.0954743 -1.86804
5 190 0.0939151 -1.87245
5 195 0.0931628 -1.87661
5 200 0.0918336 -1.88055
5 205 0.0913682 -1.88427
5 210 0.0902342 -1.88779
5 215 0.0901643 -1.89111
5 220 0.0887565 -1.89427
5 225 0.0877985 -1.89726
5 230 0.0836799 -1.90016
5 235 0.0693724 -1.90323
5 240 0.039973 -1.90606
5 245 0.0460763 -1.91001
5 250 -0.0499701 -1.90296
5 255 1.96283 -0.316652
10 5 0.0400381 1.84568
10 10 0.0600069 1.90833
10 15 0.0282303 1.90711
10 20 0.0638444 1.90434
10 25 0.0805769 1.90132
10 30 0.0870817 1.89843
10 35 0.0881403 1.89549
10 40 0.0898864 1.89239
10 45 0.0899762 1.88914
10 50 0.0910788 1.8857
10 55 0.091478 1.88207
10 60 0.0927649 1.87821
10 65 0.0934557 1.87415
10 70 0.0949732 1.86984
10 75 0.0959262 1.86529
10 80 0.0976272 1.86046
10 85 0.0987546 1.85537
10 90 0.100613 1.84996
10 95 0.101893 1.84426
10 100 0.103908 1.83821
10 105 0.105347 1.83181
10 110 0.107536 1.82503
10 115 0.109154 1.81785
10 120 0.11154 1.81024
10 125 3.19877 9.9702e-15
10 130 3.19877 9.9702e-15
10 135 3.19877 9.9702e-15
10 140 0.109962 -1.81486
10 145 0.108305 -1.82221
10 150 0.106079 -1.82915
10 155 0.104606 -1.83569
10 160 0.102558 -1.84188
10 165 0.101247 -1.84772
10 170 0.0993579 -1.85324
10 175 0.0981992 -1.85845
10 180 0.0964658 -1.86339
10 185 0.0954743 -1.86804
10 190 0.0939151 -1.87245
10 195 0.0931628 -1.87661
10 200 0.0918336 -1.88055
10 205 0.0913682 -1.88427
10 210 0.0902342 -1.88779
10 215 0.0901643 -1.89111
10 220 0.0887565 -1.89427
10 225 0.0877985 -1.89726
10 230 0.0836799 -1.90016
10 235 0.0693724 -1.90323
10 240 0.039973 -1.90606
10 245 0.0460763 -1.91001
10 250 -0.0499701 -1.90296
10 255 1.96283 -0.316652
15 5 0.0400381 1.84568
15 10 0.0600069 1.90833
15 15 0.0282303 1.90711
15 20 0.0638444 1.90434
15 25 0.0805769 1.90132
15 30 0.0870817 1.89843
15 35 0.0881403 1.89549
15 40 0.0898864 1.89239
15 45 0.0899762 1.88914
15 50 0.0910788 1.8857
15 55 0.091478 1.88207
15 60 0.0927649 1.87821
15 65 0.0934557 1.87415
15 70 0.0949732 1.86984
15 75 0.0959262 1.86529
15 80 0.0976272 1.86046
15 85 0.0987546 1.85537
15 90 0.100613 1.84996
15 95 0.101893 1.84426
15 100 0.103908 1.83821
15 105 0.105347 1.83181
15 110 0.107536 1.82503
15 115 0.109154 1.81785
15 120 0.11154 1.81024
15 125 3.19877 9.9702e-15
15 130 3.19877 9.9702e-15
15 135 3.19877 9.9702e-15
15 140 0.109962 -1.81486
15 145 0.108305 -1.82221
15 150 0.106079 -1.82915
15 155 0.104606 -1.83569
15 160 0.102558 -1.84188
15 165 0.101247 -1.84772
15 170 0.0993579 -1.85324
15 175 0.0981992 -1.85845
15 180 0.0964658 -1.86339
15 185 0.0954743 -1.86804
15 190 0.0939151 -1.87245
15 195 0.0931628 -1.87661
15 200 0.0918336 -1.88055
15 205 0.0913682 -1.88427
15 210 0.0902342 -1.88779
15 215 0.0901643 -1.89111
15 220 0.0887565 -1.89427
15 225 0.0877985 -1.89726
15 230 0.0836799 -1.90016
15 235 0.0693724 -1.90323
15 240 0.039973 -1.90606
15 245 0.0460763 -1.91001
15 250 -0.0499701 -1.90296
15 255 1.96283 -0.316652
20 5 0.0400381 1.84568
20 10 0.0600069 1.90833
20 15 0.0282303 1.90711
20 20 0.0638444 1.90434
20 25 0.0805769 1.90132
20 30 0.0870817 1.89843
20 35 0.0881403 1.89549
20 40 0.0898864 1.89239
20 45 0.0899762 1.88914
20 50 0.0910788 1.8857
20 55 0.091478 1.88207
20 60 0.0927649 1.87821
20 65 0.0934557 1.87415
20 70 0.0949732 1.86984
20 75 0.0959262 1.86529
20 80 0.0976272 1.86046
20 85 0.0987546 1.85537
20 90 0.100613 1.84996
20 95 0.101893 1.84426
20 100 0.103908 1.83821
20 105 0.105347 1.83181
20 110 0.107536 1.82503
20 115 0.109154 1.81785
20 120 0.11154 1.81024
20 125 3.19877 9.9702e-15
20 130 3.19877 9.9702e-15
20 135 3.19877 9.9702e-15
20 140 0.109962 -1.81486
20 145 0.108305 -1.82221
20 150 0.106079 -1.82915
20 155 0.104606 -1.83569
20 160 0.102558 -1.84188
20 165 0.101247 -1.84772
20 170 0.0993579 -1.85324
20 175 0.0981992 -1.85845
20 180 0.0964658 -1.86339
20 185 0.0954743 -1.86804
20 190 0.0939151 -1.87245
20 195 0.0931628 -1.87661
20 200 0.0918336 -1.88055
20 205 0.0913682 -1.88427
20 210 0.0902342 -1.88779
20 215 0.0901643 -1.89111
20 220 0.0887565 -1.89427
20 225 0.0877985 -1.89726
20 230 0.0836799 -1.90016
20 235 0.0693724 -1.90323
20 240 0.039973 -1.90606
20 245 0.0460763 -1.91001
20 250 -0.0499701 -1.90296
20 255 1.96283 -0.316652
25 5 0.0400381 1.84568
25 10 0.0600069 1.90833
25 15 0.0282303 1.90711
25 20 0.0638444 1.90434
25 25 0.0805769 1.90132
25 30 0.0870817 1.89843
25 35 0.0881403 1.89549
25 40 0.0898864 1.89239
25 45 0.0899762 1.88914
25 50 0.0910788 1.8857
25 55 0.091478 1.88207
25 60 0.0927649 1.87821
25 65 0.0934557 1.87415
25 70 0.0949732 1.86984
25 75 0.0959262 1.86529
25 80 0.0976272 1.86046
25 85 0.0987546 1.85537
25 90 0.100613 1.84996
25 95 0.101893 1.84426
25 100 0.103908 1.83821
25 105 0.105347 1.83181
25 110 0.107536 1.82503
25 115 0.109154 1.81785
25 120 0.11154 1.81024
25 125 3.19877 9.9702e-15
25 130 3.19877 9.9702e-15
25 135 3.19877 9.9702e-15
25 140 0.109962 -1.81486
25 145 0.108305 -1.82221
25 150 0.106079 -1.82915
25 155 0.104606 -1.83569
25 160 0.102558 -1.84188
25 165 0.101247 -1.84772
25 170 0.0993579 -1.85324
25 175 0.0981992 -1.85845
25 180 0.0964658 -1.86339
25 185 0.0954743 -1.86804
25 190 0.0939151 -1.87245
25 195 0.0931628 -1.87661
25 200 0.0918336 -1.88055
25 205 0.0913682 -1.88427
25 210 0.0902342 -1.88779
25 215 0.0901643 -1.89111
25 220 0.0887565 -1.89427
25 225 0.0877985 -1.89726
25 230 0.0836799 -1.90016
25 235 0.0693724 -1.90323
25 240 0.039973 -1.90606
25 245 0.0460763 -1.91001
25 250 -0.0499701 -1.90296
25 255 1.96283 -0.316652
30 5 0.0400381 1.84568
30 10 0.0600069 1.90833
30 15 0.0282303 1.90711
30 20 0.0638444 1.90434
30 25 0.0805769 1.90132
30 30 0.0870817 1.89843
30 35 0.0881403 1.89549
30 40 0.0898864 1.89239
30 45 0.0899762 1.88914
30 50 0.0910788 1.8857
30 55 0.091478 1.88207
30 60 0.0927649 1.87821
30 65 0.0934557 1.87415
30 70 0.0949732 1.86984
30 75 0.0959262 1.86529
30 80 0.0976272 1.86046
30 85 0.0987546 1.85537
30 90 0.100613 1.84996
30 95 0.101893 1.84426
30 100 0.103908 1.83821
30 105 0.105347 1.83181
30 110 0.107536 1.82503
30 115 0.109154 1.81785
30 120 0.11154 1.81024
30 125 3.19877 9.9702e-15
30 130 3.19877 9.9702e-15
30 135 3.19877 9.9702e-15
30 140 0.109962 -1.81486
30 145 0.108305 -1.82221
30 150 0.106079 -1.82915
30 155 0.104606 -1.83569
30 160 0.102558 -1.84188
30 165 0.101247 -1.84772
30 170 0.0993579 -1.85324
30 175 0.0981992 -1.85845
30 180 0.0964658 -1.86339
30 185 0.0954743 -1.86804
30 190 0.0939151 -1.87245
30 195 0.0931628 -1.87661
30 200 0.0918336 -1.88055
30 205 0.0913682 -1.88427
30 210 0.0902342 -1.88779
30 215 0.0901643 -1.89111
30 220 0.0887565 -1.89427
30 225 0.0877985 -1.89726
30 230 0.0836799 -1.90016
30 235 0.0693724 -1.90323
30 240 0.039973 -1.90606
30 245 0.0460763 -1.91001
30 250 -0.0499701 -1.90296
30 255 1.96283 -0.316652
35 5 0.0400381 1.84568
35 10 0.0600069 1.90833
35 15 0.0282303 1.90711
35 20 0.0638444 1.90434
35 25 0.0805769 1.90132
35 30 0.0870817 1.89843
35 35 0.0881403 1.89549
35 40 0.0898864 1.89239
35 45 0.0899762 1.88914
35 50 0.0910788 1.8857
35 55 0.091478 1.88207
35 60 0.0927649 1.87821
35 65 0.0934557 1.87415
35 70 0.0949732 1.86984
35 75 0.0959262 1.86529
35 80 0.0976272 1.86046
35 85 0.0987546 1.85537
35 90 0.100613 1.84996
35 95 0.101893 1.84426
35 100 0.103908 1.83821
35 105 0.105347 1.83181
35 110 0.107536 1.82503
35 115 0.109154 1.81785
35 120 0.11154 1.81024
35 125 3.19877 9.9702e-15
35 130 3.19877 9.9702e-15
35 135 3.19877 9.9702e-15
35 140 0.109962 -1.81486
35 145 0.108305 -1.82221
35 150 0.106079 -1.82915
35 155 0.104606 -1.83569
35 160 0.102558 -1.84188
35 165 0.101247 -1.84772
35 170 0.0993579 -1.85324
35 175 0.0981992 -1.85845
35 180 0.0964658 -1.86339
35 185 0.0954743 -1.86804
35 190 0.0939151 -1.87245
35 195 0.0931628 -1.87661
35 200 0.0918336 -1.88055
35 205 0.0913682 -1.88427
35 210 0.0902342 -1.88779
35 215 0.0901643 -1.89111
35 220 0.0887565 -1.89427
35 225 0.0877985 -1.89726
35 230 0.0836799 -1.90016
35 235 0.0693724 -1.90323
35 240 0.039973 -1.90606
35 245 0.0460763 -1.91001
35 250 -0.0499701 -1.90296
35 255 1.96283 -0.316652
40 5 0.0400381 1.84568
40 10 0.0600069 1.90833
40 15 0.0282303 1.90711
40 20 0.0638444 1.90434
40 25 0.0805769 1.90132
40 30 0.0870817 1.89843
40 35 0.0881403 1.89549
40 40 0.0898864 1.89239
40 45 0.0899762 1.88914
40 50 0.0910788 1.8857
40 55 0.091478 1.88207
40 60 0.0927649 1.87821
40 65 0.0934557 1.87415
40 70 0.0949732 1.86984
40 75 0.0959262 1.86529
40 80 0.0976272 1.86046
40 85 0.0987546 1.85537
40 90 0.100613 1.84996
40 95 0.101893 1.84426
40 100 0.103908 1.83821
40 105 0.105347 1.83181
40 110 0.107536 1.82503
40 115 0.109154 1.81785
40 120 0.11154 1.81024
40 125 3.19877 9.9702e-15
40 130 3.19877 9.9702e-15
40 135 3.19877 9.9702e-15
40 140 0.109962 -1.81486
40 145 0.108305 -1.82221
40 150 0.106079 -1.82915
40 155 0.104606 -1.83569
40 160 0.102558 -1.84188
40 165 0.101247 -1.84772
40 170 0.0993579 -1.85324
40 175 0.0981992 -1.85845
40 180 0.0964658 -1.86339
40 185 0.0954743 -1.86804
40 190 0.0939151 -1.87245
40 195 0.0931628 -1.87661
40 200 0.0918336 -1.88055
40 205 0.0913682 -1.88427
40 210 0.0902342 -1.88779
40 215 0.0901643 -1.89111
40 220 0.0887565 -1.89427
40 225 0.0877985 -1.89726
40 230 0.0836799 -1.90016
40 235 0.0693724 -1.90323
40 240 0.039973 -1.90606
40 245 0.0460763 -1.91001
40 250 -0.0499701 -1.90296
40 255 1.96283 -0.316652
45 5 0.0400381 1.84568
45 10 0.0600069 1.90833
45 15 0.0282303 1.90711
45 20 0.0638444 1.90434
45 25 0.0805769 1.90132
45 30 0.0870817 1.89843
45 35 0.0881403 1.89549
45 40 0.0898864 1.89239
45 45 0.0899762 1.88914
45 50 0.0910788 1.8857
45 55 0.091478 1.88207
45 60 0.0927649 1.87821
45 65 0.0934557 1.87415
45 70 0.0949732 1.86984
45 75 0.0959262 1.86529
45 80 0.0976272 1.86046
45 85 0.0987546 1.85537
45 90 0.100613 1.84996
45 95 0.101893 1.84426
45 100 0.103908 1.83821
45 105 0.105347 1.83181
45 110 0.107536 1.82503
45 115 0.109154 1.81785
45 120 0.11154 1.81024
45 125 3.19877 9.9702e-15
45 130 3.19877 9.9702e-15
45 135 3.19877 9.9702e-15
45 140 0.109962 -1.81486
45 145 0.108305 -1.82221
45 150 0.106079 -1.82915
45 155 0.104606 -1.83569
45 160 0.102558 -1.84188
45 165 0.101247 -1.84772
45 170 0.0993579 -1.85324
45 175 0.0981992 -1.85845
45 180 0.0964658 -1.86339
45 185 0.0954743 -1.86804
45 190 0.0939151 -1.87245
45 195 0.0931628 -1.87661
45 200 0.0918336 -1.88055
45 205 0.0913682 -1.88427
45 210 0.0902342 -1.88779
45 215 0.0901643 -1.89111
45 220 0.0887565 -1.89427
45 225 0.0877985 -1.89726
45 230 0.0836799 -1.90016
45 235 0.0693724 -1.90323
45 240 0.039973 -1.90606
45 245 0.0460763 -1.91001
45 250 -0.0499701 -1.90296
45 255 1.96283 -0.316652
50 5 0.0400381 1.84568
50 10 0.0600069 1.90833
50 15 0.0282303 1.90711
50 20 0.0638444 1.90434
50 25 0.0805769 1.90132
50 30 0.0870817 1.89843
50 35 0.0881403 1.89549
50 40 0.0898864 1.89239
50 45 0.0899762 1.88914
50 50 0.0910788 1.8857
50 55 0.091478 1.88207
50 60 0.0927649 1.87821
50 65 0.0934557 1.87415
50 70 0.0949732 1.86984
50 75 0.0959262 1.86529
50 80 0.0976272 1.86046
50 85 0.0987546 1.85537
50 90 0.100613 1.84996
50 95 0.101893 1.84426
50 100 0.103908 1.83821
50 105 0.105347 1.83181
50 110 0.107536 1.82503
50 115 0.109154 1.81785
50 120 0.11154 1.81024
50 125 3.19877 9.9702e-15
50 130 3.19877 9.9702e-15
50 135 3.19877 9.9702e-15
50 140 0.109962 -1.81486
50 145 0.108305 -1.82221
50 150 0.106079 -1.82915
50 155 0.104606 -1.83569
50 160 0.102558 -1.84188
50 165 0.101247 -1.84772
50 170 0.0993579 -1.85324
50 175 0.0981992 -1.85845
50 180 0.0964658 -1.86339
50 185 0.0954743 -1.86804
50 190 0.0939151 -1.87245
50 195 0.0931628 -1.87661
50 200 0.0918336 -1.88055
50 205 0.0913682 -1.88427
50 210 0.0902342 -1.88779
50 215 0.0901643 -1.89111
50 220 0.0887565 -1.89427
50 225 0.0877985 -1.89726
50 230 0.0836799 -1.90016
50 235 0.0693724 -1.90323
50 240 0.039973 -1.90606
50 245 0.0460763 -1.91001
50 250 -0.0499701 -1.90296
50 255 1.96283 -0.316652
55 5 0.0400381 1.84568
55 10 0.0600069 1.90833
55 15 0.0282303 1.90711
55 20 0.0638444 1.90434
55 25 0.0805769 1.90132
55 30 0.0870817 1.89843
55 35 0.0881403 1.89549
55 40 0.0898864 1.89239
55 45 0.0899762 1.88914
55 50 0.0910788 1.8857
55 55 0.091478 1.88207
55 60 0.0927649 1.87821
55 65 0.0934557 1.87415
55 70 0.0949732 1.86984
55 75 0.0959262 1.86529
55 80 0.0976272 1.86046
55 85 0.0987546 1.85537
55 90 0.100613 1.84996
55 95 0.101893 1.84426
55 100 0.103908 1.83821
55 105 0.105347 1.83181
55 110 0.107536 1.82503
55 115 0.109154 1.81785
55 120 0.11154 1.81024
55 125 3.19877 9.9702e-15
55 130 3.19877 9.9702e-15
55 135 3.19877 9.9702e-15
55 140 0.109962 -1.81486
55 145 0.108305 -1.82221
55 150 0.106079 -1.82915
55 155 0.104606 -1.83569
55 160 0.102558 -1.84188
55 165 0.101247 -1.84772
55 170 0.0993579 -1.85324
55 175 0.0981992 -1.85845
55 180 0.0964658 -1.86339
55 185 0.0954743 -1.86804
55 190 0.0939151 -1.87245
55 195 0.0931628 -1.87661
55 200 0.0918336 -1.88055
55 205 0.0913682 -1.88427
55 210 0.0902342 -1.88779
55 215 0.0901643 -1.89111
55 220 0.0887565 -1.89427
55 225 0.0877985 -1.89726
55 230 0.0836799 -1.90016
55 235 0.0693724 -1.90323
55 240 0.039973 -1.90606
55 245 0.0460763 -1.91001
55 250 -0.0499701 -1.90296
55 255 1.96283 -0.316652
60 5 0.0400381 1.84568
60 10 0.0600069 1.90833
60 15 0.0282303 1.90711
60 20 0.0638444 1.90434
60 25 0.0805769 1.90132
60 30 0.0870817 1.89843
60 35 0.0881403 1.89549
60 40 0.0898864 1.89239
60 45 0.0899762 1.88914
60 50 0.0910788 1.8857
60 55 0.091478 1.88207
60 60 0.0927649 1.87821
60 65 0.0934557 1.87415
60 70 0.0949732 1.86984
60 75 0.0959262 1.86529
60 80 0.0976272 1.86046
60 85 0.0987546 1.85537
60 90 0.100613 1.84996
60 95 0.101893 1.84426
60 100 0.103908 1.83821
60 105 0.105347 1.83181
60 110 0.107536 1.82503
60 115 0.109154 1.81785
60 120 0.11154 1.81024
60 125 3.19877 9.9702e-15
60 130 3.19877 9.9702e-15
60 135 3.19877 9.9702e-15
60 140 0.109962 -1.81486
60 145 0.108305 -1.82221
60 150 0.106079 -1.82915
60 155 0.104606 -1.83569
60 160 0.102558 -1.84188
60 165 0.101247 -1.84772
60 170 0.0993579 -1.85324
60 175 0.0981992 -1.85845
60 180 0.0964658 -1.86339
60 185 0.0954743 -1.86804
60 190 0.0939151 -1.87245
60 195 0.0931628 -1.87661
60 200 0.0918336 -1.88055
60 205 0.0913682 -1.88427
60 210 0.0902342 -1.88779
60 215 0.0901643 -1.89111
60 220 0.0887565 -1.89427
60 225 0.0877985 -1.89726
60 230 0.0836799 -1.90016
60 235 0.0693724 -1.90323
60 240 0.039973 -1.90606
60 245 0.0460763 -1.91001
60 250 -0.0499701 -1.90296
60 255 1.96283 -0.316652
65 5 0.0400381 1.84568
65 10 0.0600069 1.90833
65 15 0.0282303 1.90711
65 20 0.0638444 1.90434
65 25 0.0805769 1.90132
65 30 0.0870817 1.89843
65 35 0.0881403 1.89549
65 40 0.0898864 1.89239
65 45 0.0899762 1.88914
65 50 0.0910788 1.8857
65 55 0.091478 1.88207
65 60 0.0927649 1.87821
65 65 0.0934557 1.87415
65 70 0.0949732 1.86984
65 75 0.0959262 1.86529
65 80 0.0976272 1.86046
65 85 0.0987546 1.85537
65 90 0.100613 1.84996
65 95 0.101893 1.84426
65 100 0.103908 1.83821
65 105 0.105347 1.83181
65 110 0.107536 1.82503
65 115 0.109154 1.81785
65 120 0.11154 1.81024
65 125 3.19877 9.9702e-15
65 130 3.19877 9.9702e-15
65 135 3.19877 9.9702e-15
65 140 0.109962 -1.81486
65 145 0.108305 -1.82221
65 150 0.106079 -1.82915
65 155 0.104606 -1.83569
65 160 0.102558 -1.84188
65 165 0.101247 -1.84772
65 170 0.0993579 -1.85324
65 175 0.0981992 -1.85845
65 180 0.0964658 -1.86339
65 185 0.0954743 -1.86804
65 190 0.0939151 -1.87245
65 195 0.0931628 -1.87661
65 200 0.0918336 -1.88055
65 205 0.0913682 -1.88427
65 210 0.0902342 -1.88779
65 215 0.0901643 -1.89111
65 220 0.0887565 -1.89427
65 225 0.0877985 -1.89726
65 230 0.0836799 -1.90016
65 235 0.0693724 -1.90323
65 240 0.039973 -1.90606
65 245 0.0460763 -1.91001
65 250 -0.0499701 -1.90296
65 255 1.96283 -0.316652
70 5 0.0400381 1.84568
70 10 0.0600069 1.90833
70 15 0.0282303 1.90711
70 20 0.0638444 1.90434
70 25 0.0805769 1.90132
70 30 0.0870817 1.89843
70 35 0.0881403 1.89549
70 40 0.0898864 1.89239
70 45 0.0899762 1.88914
70 50 0.0910788 1.8857
70 55 0.091478 1.88207
70 60 0.0927649 1.87821
70 65 0.0934557 1.87415
70 70 0.0949732 1.86984
70 75 0.0959262 1.86529
70 80 0.0976272 1.86046
70 85 0.0987546 1.85537
70 90 0.100613 1.84996
70 95 0.101893 1.84426
70 100 0.103908 1.83821
70 105 0.105347 1.83181
70 110 0.107536 1.82503
70 115 0.109154 1.81785
70 120 0.11154 1.81024
70 125 3.19877 9.9702e-15
70 130 3.19877 9.9702e-15
70 135 3.19877 9.9702e-15
70 140 0.109962 -1.81486
70 145 0.108305 -1.82221
70 150 0.106079 -1.82915
70 155 0.104606 -1.83569
70 160 0.102558 -1.84188
70 165 0.101247 -1.84772
70 170 0.0993579 -1.85324
70 175 0.0981992 -1.85845
70 180 0.0964658 -1.86339
70 185 0.0954743 -1.86804
70 190 0.0939151 -1.87245
70 195 0.0931628 -1.87661
70 200 0.0918336 -1.88055
70 205 0.0913682 -1.88427
70 210 0.0902342 -1.88779
70 215 0.0901643 -1.89111
70 220 0.0887565 -1.89427
70 225 0.0877985 -1.89726
70 230 0.0836799 -1.90016
70 235 0.0693724 -1.90323
70 240 0.039973 -1.90606
70 245 0.0460763 -1.91001
70 250 -0.0499701 -1.90296
70 255 1.96283 -0.316652
75 5 0.0400381 1.84568
75 10 0.0600069 1.90833
75 15 0.0282303 1.90711
75 20 0.0638444 1.90434
75 25 0.0805769 1.90132
75 30 0.0870817 1.89843
75 35 0.0881403 1.89549
75 40 0.0898864 1.89239
75 45 0.0899762 1.88914
75 50 0.0910788 1.8857
75 55 0.091478 1.88207
75 60 0.0927649 1.87821
75 65 0.0934557 1.87415
75 70 0.0949732 1.86984
75 75 0.0959262 1.86529
75 80 0.0976272 1.86046
75 85 0.0987546 1.85537
75 90 0.100613 1.84996
75 95 0.101893 1.84426
75 100 0.103908 1.83821
75 105 0.105347 1.83181
75 110 0.107536 1.82503
75 115 0.109154 1.81785
75 120 0.11154 1.81024
75 125 3.19877 9.9702e-15
75 130 3.19877 9.9702e-15
75 135 3.19877 9.9702e-15
75 140 0.109962 -1.81486
75 145 0.108305 -1.82221
75 150 0.106079 -1.82915
75 155 0.104606 -1.83569
75 160 0.102558 -1.84188
75 165 0.101247 -1.84772
75 170 0.0993579 -1.85324
75 175 0.0981992 -1.85845
75 180 0.0964658 -1.86339
75 185 0.0954743 -1.86804
75 190 0.0939151 -1.87245
75 195 0.0931628 -1.87661
75 200 0.0918336 -1.88055
75 205 0.0913682 -1.88427
75 210 0.0902342 -1.88779
75 215 0.0901643 -1.89111
75 220 0.0887565 -1.89427
75 225 0.0877985 -1.89726
75 230 0.0836799 -1.90016
75 235 0.0693724 -1.90323
75 240 0.039973 -1.90606
75 245 0.0460763 -1.91001
75 250 -0.0499701 -1.90296
75 255 1.96283 -0.316652
80 5 0.0400381 1.84568
80 10 0.0600069 1.90833
80 15 0.0282303 1.90711
80 20 0.0638444 1.90434
80 25 0.0805769 1.90132
80 30 0.0870817 1.89843
80 35 0.0881403 1.89549
80 40 0.0898864 1.89239
80 45 0.0899762 1.88914
80 50 0.0910788 1.8857
80 55 0.091478 1.88207
80 60 0.0927649 1.87821
80 65 0.0934557 1.87415
80 70 0.0949732 1.86984
80 75 0.0959262 1.86529
80 80 0.0976272 1.86046
80 85 0.0987546 1.85537
80 90 0.100613 1.84996
80 95 0.101893 1.84426
80 100 0.103908 1.83821
80 105 0.105347 1.83181
80 110 0.107536 1.82503
80 115 0.109154 1.81785
80 120 0.11154 1.81024
80 125 3.19877 9.9702e-15
80 130 3.19877 9.9702e-15
80 135 3.19877 9.9702e-15
80 140 0.109962 -1.81486
80 145 0.108305 -1.82221
80 150 0.106079 -1.82915
80 155 0.104606 -1.83569
80 160 0.102558 -1.84188
80 165 0.101247 -1.84772
80 170 0.0993579 -1.85324
80 175 0.0981992 -1.85845
80 180 0.0964658 -1.86339
80 185 0.0954743 -1.86804
80 190 0.0939151 -1.87245
80 195 0.0931628 -1.87661
80 200 0.0918336 -1.88055
80 205 0.0913682 -1.88427
80 210 0.0902342 -1.88779
80 215 0.0901643 -1.89111
80 220 0.0887565 -1.89427
80 225 0.0877985 -1.89726
80 230 0.0836799 -1.90016
80 235 0.0693724 -1.90323
80 240 0.039973 -1.90606
80 245 0.0460763 -1.91001
80 250 -0.0499701 -1.90296
80 255 1.96283 -0.316652
85 5 0.0400381 1.84568
85 10 0.0600069 1.90833
85 15 0.0282303 1.90711
85 20 0.0638444 1.90434
85 25 0.0805769 1.90132
85 30 0.0870817 1.89843
85 35 0.0881403 1.89549
85 40 0.0898864 1.89239
85 45 0.0899762 1.88914
85 50 0.0910788 1.8857
85 55 0.091478 1.88207
85 60 0.0927649 1.87821
85 65 0.0934557 1.87415
85 70 0.0949732 1.86984
85 75 0.0959262 1.86529
85 80 0.0976272 1.86046
85 85 0.0987546 1.85537
85 90 0.100613 1.84996
85 95 0.101893 1.84426
85 100 0.103908 1.83821
85 105 0.105347 1.83181
85 110 0.107536 1.82503
85 115 0.109154 1.81785
85 120 0.11154 1.81024
85 125 3.19877 9.9702e-15
85 130 3.19877 9.9702e-15
85 135 3.19877 9.9702e-15
85 140 0.109962 -1.81486
85 145 0.108305 -1.82221
85 150 0.106079 -1.82915
85 155 0.104606 -1.83569
85 160 0.102558 -1.84188
85 165 0.101247 -1.84772
85 170 0.0993579 -1.85324
85 175 0.0981992 -1.85845
85 180 0.0964658 -1.86339
85 185 0.0954743 -1.86804
85 190 0.0939151 -1.87245
85 195 0.0931628 -1.87661
85 200 0.0918336 -1.88055
85 205 0.0913682 -1.88427
85 210 0.0902342 -1.88779
85 215 0.0901643 -1.89111
85 220 0.0887565 -1.89427
85 225 0.0877985 -1.89726
85 230 0.0836799 -1.90016
85 235 0.0693724 -1.90323
85 240 0.039973 -1.90606
85 245 0.0460763 -1.91001
85 250 -0.0499701 -1.90296
85 255 1.96283 -0.316652
90 5 0.0400381 1.84568
90 10 0.0600069 1.90833
90 15 0.0282303 1.90711
90 20 0.0638444 1.90434
90 25 0.0805769 1.90132
90 30 0.0870817 1.89843
90 35 0.0881403 1.89549
90 40 0.0898864 1.89239
90 45 0.0899762 1.88914
90 50 0.0910788 1.8857
90 55 0.091478 1.88207
90 60 0.0927649 1.87821
90 65 0.0934557 1.87415
90 70 0.0949732 1.86984
90 75 0.0959262 1.86529
90 80 0.0976272 1.86046
90 85 0.0987546 1.85537
90 90 0.100613 1.84996
90 95 0.101893 1.84426
90 100 0.103908 1.83821
90 105 0.105347 1.83181
90 110 0.107536 1.82503
90 115 0.109154 1.81785
90 120 0.11154 1.81024
90 125 3.19877 9.9702e-15
90 130 3.19877 9.9702e-15
90 135 3.19877 9.9702e-15
90 140 0.109962 -1.81486
90 145 0.108305 -1.82221
90 150 0.106079 -1.82915
90 155 0.104606 -1.83569
90 160 0.102558 -1.84188
90 165 0.101247 -1.84772
90 170 0.0993579 -1.85324
90 175 0.0981992 -1.85845
90 180 0.0964658 -1.86339
90 185 0.0954743 -1.86804
90 190 0.0939151 -1.87245
90 195 0.0931628 -1.87661
90 200 0.0918336 -1.88055
90 205 0.0913682 -1.88427
90 210 0.0902342 -1.88779
90 215 0.0901643 -1.89111
90 220 0.0887565 -1.89427
90 225 0.0877985 -1.89726
90 230 0.0836799 -1.90016
90 235 0.0693724 -1.90323
90 240 0.039973 -1.90606
90 245 0.0460763 -1.91001
90 250 -0.0499701 -1.90296
90 255 1.96283 -0.316652
95 5 0.0400381 1.84568
95 10 0.0600069 1.90833
95 15 0.0282303 1.90711
95 20 0.0638444 1.90434
95 25 0.0805769 1.90132
95 30 0.0870817 1.89843
95 35 0.0881403 1.89549
95 40 0.0898864 1.89239
95 45 0.0899762 1.88914
95 50 0.0910788 1.8857
95 55 0.091478 1.88207
95 60 0.0927649 1.87821
95 65 0.0934557 1.87415
95 70 0.0949732 1.86984
95 75 0.0959262 1.86529
95 80 0.0976272 1.86046
95 85 0.0987546 1.85537
95 90 0.100613 1.84996
95 95 0.101893 1.84426
95 100 0.103908 1.83821
95 105 0.105347 1.83181
95 110 0.107536 1.82503
95 115 0.109154 1.81785
95 120 0.11154 1.81024
95 125 3.19877 9.9702e-15
95 130 3.19877 9.9702e-15
95 135 3.19877 9.9702e-15
95 140 0.109962 -1.81486
95 145 0.108305 -1.82221
95 150 0.106079 -1.82915
95 155 0.104606 -1.83569
95 160 0.102558 -1.84188
95 165 0.101247 -1.84772
95 170 0.0993579 -1.85324
95 175 0.0981992 -1.85845
95 180 0.0964658 -1.86339
95 185 0.0954743 -1.86804
95 190 0.0939151 -1.87245
95 195 0.0931628 -1.87661
95 200 0.0918336 -1.88055
95 205 0.0913682 -1.88427
95 210 0.0902342 -1.88779
95 215 0.0901643 -1.89111
95 220 0.0887565 -1.89427
95 225 0.0877985 -1.89726
95 230 0.0836799 -1.90016
95 235 0.0693724 -1.90323
95 240 0.039973 -1.90606
95 245 0.0460763 -1.91001
95 250 -0.0499701 -1.90296
95 255 1.96283 -0.316652
100 5 0.0400381 1.84568
100 10 0.0600069 1.90833
100 15 0.0282303 1.90711
100 20 0.0638444 1.90434
100 25 0.0805769 1.90132
100 30 0.0870817 1.89843
100 35 0.0881403 1.89549
100 40 0.0898864 1.89239
100 45 0.0899762 1.88914
100 50 0.0910788 1.8857
100 55 0.091478 1.88207
100 60 0.0927649 1.87821
100 65 0.0934557 1.87415
100 70 0.0949732 1.86984
100 75 0.0959262 1.86529
100 80 0.0976272 1.86046
100 85 0.0987546 1.85537
100 90 0.100613 1.84996
100 95 0.101893 1.84426
100 100 0.103908 1.83821
100 105 0.105347 1.83181
100 110 0.107536 1.82503
100 115 0.109154 1.81785
100 120 0.11154 1.81024
100 125 3.19877 9.9702e-15
100 130 3.19877 9.9702e-15
100 135 3.19877 9.9702e-15
100 140 0.109962 -1.81486
100 145 0.108305 -1.82221
100 150 0.106079 -1.82915
100 155 0.104606 -1.83569
100 160 0.102558 -1.84188
100 165 0.101247 -1.84772
100 170 0.0993579 -1.85324
100 175 0.0981992 -1.85845
100 180 0.0964658 -1.86339
100 185 0.0954743 -1.86804
100 190 0.0939151 -1.87245
100 195 0.0931628 -1.87661
100 200 0.0918336 -1.88055
100 205 0.0913682 -1.88427
100 210 0.0902342 -1.88779
100 215 0.0901643 -1.89111
100 220 0.0887565 -1.89427
100 225 0.0877985 -1.89726
100 230 0.0836799 -1.90016
100 235 0.0693724 -1.90323
100 240 0.039973 -1.90606
100 245 0.0460763 -1.91001
100 250 -0.0499701 -1.90296
100 255 1.96283 -0.316652
105 5 0.0400381 1.84568
105 10 0.0600069 1.90833
105 15 0.0282303 1.90711
105 20 0.0638444 1.90434
105 25 0.0805769 1.90132
105 30 0.0870817 1.89843
105 35 0.0881403 1.89549
105 40 0.0898864 1.89239
105 45 0.0899762 1.88914
105 50 0.0910788 1.8857
105 55 0.091478 1.88207
105 60 0.0927649 1.87821
105 65 0.0934557 1.87415
105 70 0.0949732 1.86984
105 75 0.0959262 1.86529
105 80 0.0976272 1.86046
105 85 0.0987546 1.85537
105 90 0.100613 1.84996
105 95 0.101893 1.84426
105 100 0.103908 1.83821
105 105 0.105347 1.83181
105 110 0.107536 1.82503
105 115 0.109154 1.81785
105 120 0.11154 1.81024
105 125 3.19877 9.9702e-15
105 130 3.19877 9.9702e-15
105 135 3.19877 9.9702e-15
105 140 0.109962 -1.81486
105 145 0.108305 -1.82221
105 150 0.106079 -1.82915
105 155 0.104606 -1.83569
105 160 0.102558 -1.84188
105 165 0.101247 -1.84772
105 170 0.0993579 -1.85324
105 175 0.0981992 -1.85845
105 180 0.0964658 -1.86339
105 185 0.0954743 -1.86804
105 190 0.0939151 -1.87245
105 195 0.0931628 -1.87661
105 200 0.0918336 -1.88055
105 205 0.0913682 -1.88427
105 210 0.0902342 -1.88779
105 215 0.0901643 -1.89111
105 220 0.0887565 -1.89427
105 225 0.0877985 -1.89726
105 230 0.0836799 -1.90016
105 235 0.0693724 -1.90323
105 240 0.039973 -1.90606
105 245 0.0460763 -1.91001
105 250 -0.0499701 -1.90296
105 255 1.96283 -0.316652
110 5 0.0400381 1.84568
110 10 0.0600069 1.90833
110 15 0.0282303 1.90711
110 20 0.0638444 1.90434
110 25 0.0805769 1.90132
110 30 0.0870817 1.89843
110 35 0.0881403 1.89549
110 40 0.0898864 1.89239
110 45 0.0899762 1.88914
110 50 0.0910788 1.8857
110 55 0.091478 1.88207
110 60 0.0927649 1.87821
110 65 0.0934557 1.87415
110 70 0.0949732 1.86984
110 75 0.0959262 1.86529
110 80 0.0976272 1.86046
110 85 0.0987546 1.85537
110 90 0.100613 1.84996
110 95 0.101893 1.84426
110 100 0.103908 1.83821
110 105 0.105347 1.83181
110 110 0.107536 1.82503
110 115 0.109154 1.81785
110 120 0.11154 1.81024
110 125 3.19877 9.9702e-15
110 130 3.19877 9.9702e-15
110 135 3.19877 9.9702e-15
110 140 0.109962 -1.81486
110 145 0.108305 -1.82221
110 150 0.106079 -1.82915
110 155 0.104606 -1.83569
110 160 0.102558 -1.84188
110 165 0.101247 -1.84772
110 170 0.0993579 -1.85324
110 175 0.0981992 -1.85845
110 180 0.0964658 -1.86339
110 185 0.0954743 -1.86804
110 190 0.0939151 -1.87245
110 195 0.0931628 -1.87661
110 200 0.0918336 -1.88055
110 205 0.0913682 -1.88427
110 210 0.0902342 -1.88779
110 215 0.0901643 -1.89111
110 220 0.0887565 -1.89427
110 225 0.0877985 -1.89726
110 230 0.0836799 -1.90016
110 235 0.0693724 -1.90323
110 240 0.039973 -1.90606
110 245 0.0460763 -1.91001
110 250 -0.0499701 -1.90296
110 255 1.96283 -0.316652
115 5 0.0400381 1.84568
115 10 0.0600069 1.90833
115 15 0.0282303 1.90711
115 20 0.0638444 1.90434
115 25 0.0805769 1.90132
115 30 0.0870817 1.89843
115 35 0.0881403 1.89549
115 40 0.0898864 1.89239
115 45 0.0899762 1.88914
115 50 0.0910788 1.8857
115 55 0.091478 1.88207
115 60 0.0927649 1.87821
115 65 0.0934557 1.87415
115 70 0.0949732 1.86984
115 75 0.0959262 1.86529
115 80 0.0976272 1.86046
115 85 0.0987546 1.85537
115 90 0.100613 1.84996
115 95 0.101893 1.84426
115 100 0.103908 1.83821
115 105 0.105347 1.83181
115 110 0.107536 1.82503
115 115 0.109154 1.81785
115 120 0.11154 1.81024
115 125 3.19877 9.9702e-15
115 130 3.19877 9.9702e-15
115 135 3.19877 9.9702e-15
115 140 0.109962 -1.81486
115 145 0.108305 -1.82221
115 150 0.106079 -1.82915
115 155 0.104606 -1.83569
115 160 0.102558 -1.84188
115 165 0.101247 -1.84772
115 170 0.0993579 -1.85324
115 175 0.0981992 -1.85845
115 180 0.0964658 -1.86339
115 185 0.0954743 -1.86804
115 190 0.0939151 -1.87245
115 195 0.0931628 -1.87661
115 200 0.0918336 -1.88055
115 205 0.0913682 -1.88427
115 210 0.0902342 -1.88779
115 215 0.0901643 -1.89111
115 220 0.0887565 -1.89427
115 225 0.0877985 -1.89726
115 230 0.0836799 -1.90016
115 235 0.0693724 -1.90323
115 240 0.039973 -1.90606
115 245 0.0460763 -1.91001
115 250 -0.0499701 -1.90296
115 255 1.96283 -0.316652
120 5 0.0400381 1.84568
120 10 0.0600069 1.90833
120 15 0.0282303 1.90711
120 20 0.0638444 1.90434
120 25 0.0805769 1.90132
120 30 0.0870817 1.89843
120 35 0.0881403 1.89549
120 40 0.0898864 1.89239
120 45 0.0899762 1.88914
120 50 0.0910788 1.8857
120 55 0.091478 1.88207
120 60 0.0927649 1.87821
120 65 0.0934557 1.87415
120 70 0.0949732 1.86984
120 75 0.0959262 1.86529
120 80 0.0976272 1.86046
120 85 0.0987546 1.85537
120 90 0.100613 1.84996
120 95 0.101893 1.84426
120 100 0.103908 1.83821
120 105 0.105347 1.83181
120 110 0.107536 1.82503
120 115 0.109154 1.81785
120 120 0.11154 1.81024
120 125 3.19877 9.9702e-15
120 130 3.19877 9.9702e-15
120 135 3.19877 9.9702e-15
120 140 0.109962 -1.81486
120 145 0.108305 -1.82221
120 150 0.106079 -1.82915
120 155 0.104606 -1.83569
120 160 0.102558 -1.84188
120 165 0.101247 -1.84772
120 170 0.0993579 -1.85324
120 175 0.0981992 -1.85845
120 180 0.0964658 -1.86339
120 185 0.0954743 -1.86804
120 190 0.0939151 -1.87245
120 195 0.0931628 -1.87661
120 200 0.0918336 -1.88055
120 205 0.0913682 -1.88427
120 210 0.0902342 -1.88779
120 215 0.0901643 -1.89111
120 220 0.0887565 -1.89427
120 225 0.0877985 -1.89726
120 230 0.0836799 -1.90016
120 235 0.0693724 -1.90323
120 240 0.039973 -1.90606
120 245 0.0460763 -1.91001
120 250 -0.0499701 -1.90296
120 255 1.96283 -0.316652
125 5 0.0400381 1.84568
125 10 0.0600069 1.90833
125 15 0.0282303 1.90711
125 20 0.0638444 1.90434
125 25 0.0805769 1.90132
125 30 0.0870817 1.89843
125 35 0.0881403 1.89549
125 40 0.0898864 1.89239
125 45 0.0899762 1.88914
125 50 0.0910788 1.8857
125 55 0.091478 1.88207
125 60 0.0927649 1.87821
125 65 0.0934557 1.87415
125 70 0.0949732 1.86984
125 75 0.0959262 1.86529
125 80 0.0976272 1.86046
125 85 0.0987546 1.85537
125 90 0.100613 1.84996
125 95 0.101893 1.84426
125 100 0.103908 1.83821
125 105 0.105347 1.83181
125 110 0.107536 1.82503
125 115 0.109154 1.81785
125 120 0.11154 1.81024
125 125 3.19877 9.9702e-15
125 130 3.19877 9.9702e-15
125 135 3.19877 9.9702e-15
125 140 0.109962 -1.81486
125 145 0.108305 -1.82221
125 150 0.106079 -1.82915
125 155 0.104606 -1.83569
125 160 0.102558 -1.84188
125 165 0.101247 -1.84772
125 170 0.0993579 -1.85324
125 175 0.0981992 -1.85845
125 180 0.0964658 -1.86339
125 185 0.0954743 -1.86804
125 190 0.0939151 -1.87245
125 195 0.0931628 -1.87661
125 200 0.0918336 -1.88055
125 205 0.0913682 -1.88427
125 210 0.0902342 -1.88779
125 215 0.0901643 -1.89111
125 220 0.0887565 -1.89427
125 225 0.0877985 -1.89726
125 230 0.0836799 -1.90016
125 235 0.0693724 -1.90323
125 240 0.039973 -1.90606
125 245 0.0460763 -1.91001
125 250 -0.0499701 -1.90296
125 255 1.96283 -0.316652
130 5 0.0400381 1.84568
130 10 0.0600069 1.90833
130 15 0.0282303 1.90711
130 20 0.0638444 1.90434
130 25 0.0805769 1.90132
130 30 0.0870817 1.89843
130 35 0.0881403 1.89549
130 40 0.0898864 1.89239
130 45 0.0899762 1.88914
130 50 0.0910788 1.8857
130 55 0.091478 1.88207
130 60 0.0927649 1.87821
130 65 0.0934557 1.87415
130 70 0.0949732 1.86984
130 75 0.0959262 1.86529
130 80 0.0976272 1.86046
130 85 0.0987546 1.85537
130 90 0.100613 1.84996
130 95 0.101893 1.84426
130 100 0.103908 1.83821
130 105 0.105347 1.83181
130 110 0.107536 1.82503
130 115 0.109154 1.81785
130 120 0.11154 1.81024
130 125 3.19877 9.9702e-15
130 130 3.19877 9.9702e-15
130 135 3.19877 9.9702e-15
130 140 0.109962 -1.81486
130 145 0.108305 -1.82221
130 150 0.106079 -1.82915
130 155 0.104606 -1.83569
130 160 0.102558 -1.84188
130 165 0.101247 -1.84772
130 170 0.0993579 -1.85324
130 175 0.0981992 -1.85845
130 180 0.0964658 -1.86339
130 185 0.0954743 -1.86804
130 190 0.0939151 -1.87245
130 195 0.0931628 -1.87661
130 200 0.0918336 -1.88055
130 205 0.0913682 -1.88427
130 210 0.0902342 -1.88779
130 215 0.0901643 -1.89111
130 220 0.0887565 -1.89427
130 225 0.0877985 -1.89726
130 230 0.0836799 -1.90016
130 235 0.0693724 -1.90323
130 240 0.039973 -1.90606
130 245 0.0460763 -1.91001
130 250 -0.0499701 -1.90296
130 255 1.96283 -0.316652
135 5 0.0400381 1.84568
135 10 0.0600069 1.90833
135 15 0.0282303 1.90711
135 20 0.0638444 1.90434
135 25 0.0805769 1.90132
135 30 0.0870817 1.89843
135 35 0.0881403 1.89549
135 40 0.0898864 1.89239
135 45 0.0899762 1.88914
135 50 0.0910788 1.8857
135 55 0.091478 1.88207
135 60 0.0927649 1.87821
135 65 0.0934557 1.87415
135 70 0.0949732 1.86984
135 75 0.0959262 1.86529
135 80 0.0976272 1.86046
135 85 0.0987546 1.85537
135 90 0.100613 1.84996
135 95 0.101893 1.84426
135 100 0.103908 1.83821
135 105 0.105347 1.83181
135 110 0.107536 1.82503
135 115 0.109154 1.81785
135 120 0.11154 1.81024
135 125 3.19877 9.9702e-15
135 130 3.19877 9.9702e-15
135 135 3.19877 9.9702e-15
135 140 0.109962 -1.81486
135 145 0.108305 -1.82221
135 150 0.106079 -1.82915
135 155 0.104606 -1.83569
135 160 0.102558 -1.84188
135 165 0.101247 -1.84772
135 170 0.0993579 -1.85324
135 175 0.0981992 -1.85845
135 180 0.0964658 -1.86339
135 185 0.0954743 -1.86804
135 190 0.0939151 -1.87245
135 195 0.0931628 -1.87661
135 200 0.0918336 -1.88055
135 205 0.0913682 -1.88427
135 210 0.0902342 -1.88779
135 215 0.0901643 -1.89111
135 220 0.0887565 -1.89427
135 225 0.0877985 -1.89726
135 230 0.0836799 -1.90016
135 235 0.0693724 -1.90323
135 240 0.039973 -1.90606
135 245 0.0460763 -1.91001
135 250 -0.0499701 -1.90296
135 255 1.96283 -0.316652
140 5 0.0400381 1.84568
140 10 0.0600069 1.90833
140 15 0.0282303 1.90711
140 20 0.0638444 1.90434
140 25 0.0805769 1.90132
140 30 0.0870817 1.89843
140 35 0.0881403 1.89549
140 40 0.0898864 1.89239
140 45 0.0899762 1.88914
140 50 0.0910788 1.8857
140 55 0.091478 1.88207
140 60 0.0927649 1.87821
140 65 0.0934557 1.87415
140 70 0.0949732 1.86984
140 75 0.0959262 1.86529
140 80 0.0976272 1.86046
140 85 0.0987546 1.85537
140 90 0.100613 1.84996
140 95 0.101893 1.84426
140 100 0.103908 1.83821
140 105 0.105347 1.83181
140 110 0.107536 1.82503
140 115 0.109154 1.81785
140 120 0.11154 1.81024
140 125 3.19877 9.9702e-15
140 130 3.19877 9.9702e-15
140 135 3.19877 9.9702e-15
140 140 0.109962 -1.81486
140 145 0.108305 -1.82221
140 150 0.106079 -1.82915
140 155 0.104606 -1.83569
140 160 0.102558 -1.84188
140 165 0.101247 -1.84772
140 170 0.0993579 -1.85324
140 175 0.0981992 -1.85845
140 180 0.0964658 -1.86339
140 185 0.0954743 -1.86804
140 190 0.0939151 -1.87245
140 195 0.0931628 -1.87661
140 200 0.0918336 -1.88055
140 205 0.0913682 -1.88427
140 210 0.0902342 -1.88779
140 215 0.0901643 -1.89111
140 220 0.0887565 -1.89427
140 225 0.0877985 -1.89726
140 230 0.0836799 -1.90016
140 235 0.0693724 -1.90323
140 240 0.039973 -1.90606
140 245 0.0460763 -1.91001
140 250 -0.0499701 -1.90296
140 255 1.96283 -0.316652
145 5 0.0400381 1.84568
145 10 0.0600069 1.90833
145 15 0.0282303 1.90711
145 20 0.0638444 1.90434
145 25 0.0805769 1.90132
145 30 0.0870817 1.89843
145 35 0.0881403 1.89549
145 40 0.0898864 1.89239
145 45 0.0899762 1.88914
145 50 0.0910788 1.8857
145 55 0.091478 1.88207
145 60 0.0927649 1.87821
145 65 0.0934557 1.87415
145 70 0.0949732 1.86984
145 75 0.0959262 1.86529
145 80 0.0976272 1.86046
145 85 0.0987546 1.85537
145 90 0.100613 1.84996
145 95 0.101893 1.84426
145 100 0.103908 1.83821
145 105 0.105347 1.83181
145 110 0.107536 1.82503
145 115 0.109154 1.81785
145 120 0.11154 1.81024
145 125 3.19877 9.9702e-15
145 130 3.19877 9.9702e-15
145 135 3.19877 9.9702e-15
145 140 0.109962 -1.81486
145 145 0.108305 -1.82221
145 150 0.106079 -1.82915
145 155 0.104606 -1.83569
145 160 0.102558 -1.84188
145 165 0.101247 -1.84772
145 170 0.0993579 -1.85324
145 175 0.0981992 -1.85845
145 180 0.0964658 -1.86339
145 185 0.0954743 -1.86804
145 190 0.0939151 -1.87245
145 195 0.0931628 -1.87661
145 200 0.0918336 -1.88055
145 205 0.0913682 -1.88427
145 210 0.0902342 -1.88779
145 215 0.0901643 -1.89111
145 220 0.0887565 -1.89427
145 225 0.0877985 -1.89726
145 230 0.0836799 -1.90016
145 235 0.0693724 -1.90323
145 240 0.039973 -1.90606
145 245 0.0460763 -1.91001
145 250 -0.0499701 -1.90296
145 255 1.96283 -0.316652
150 5 0.0400381 1.84568
150 10 0.0600069 1.90833
150 15 0.0282303 1.90711
150 20 0.0638444 1.90434
150 25 0.0805769 1.90132
150 30 0.0870817 1.89843
150 35 0.0881403 1.89549
150 40 0.0898864 1.89239
150 45 0.0899762 1.88914
150 50 0.0910788 1.8857
150 55 0.091478 1.88207
150 60 0.0927649 1.87821
150 65 0.0934557 1.87415
150 70 0.0949732 1.86984
150 75 0.0959262 1.86529
150 80 0.0976272 1.86046
150 85 0.0987546 1.85537
150 90 0.100613 1.84996
150 95 0.101893 1.84426
150 100 0.103908 1.83821
150 105 0.105347 1.83181
150 110 0.107536 1.82503
150 115 0.109154 1.81785
150 120 0.11154 1.81024
150 125 3.19877 9.9702e-15
150 130 3.19877 9.9702e-15
150 135 3.19877 9.9702e-15
150 140 0.109962 -1.81486
150 145 0.108305 -1.82221
150 150 0.106079 -1.82915
150 155 0.104606 -1.83569
150 160 0.102558 -1.84188
150 165 0.101247 -1.84772
150 170 0.0993579 -1.85324
150 175 0.0981992 -1.85845
150 180 0.0964658 -1.86339
150 185 0.0954743 -1.86804
150 190 0.0939151 -1.87245
150 195 0.0931628 -1.87661
150 200 0.0918336 -1.88055
150 205 0.0913682 -1.88427
150 210 0.0902342 -1.88779
150 215 0.0901643 -1.89111
150 220 0.0887565 -1.89427
150 225 0.0877985 -1.89726
150 230 0.0836799 -1.90016
150 235 0.0693724 -1.90323
150 240 0.039973 -1.90606
150 245 0.0460763 -1.91001
150 250 -0.0499701 -1.90296
150 255 1.96283 -0.316652
155 5 0.0400381 1.84568
155 10 0.0600069 1.90833
155 15 0.0282303 1.90711
155 20 0.0638444 1.90434
155 25 0.0805769 1.90132
155 30 0.0870817 1.89843
155 35 0.0881403 1.89549
155 40 0.0898864 1.89239
155 45 0.0899762 1.88914
155 50 0.0910788 1.8857
155 55 0.091478 1.88207
155 60 0.0927649 1.87821
155 65 0.0934557 1.87415
155 70 0.0949732 1.86984
155 75 0.0959262 1.86529
155 80 0.0976272 1.86046
155 85 0.0987546 1.85537
155 90 0.100613 1.84996
155 95 0.101893 1.84426
155 100 0.103908 1.83821
155 105 0.105347 1.83181
155 110 0.107536 1.82503
155 115 0.109154 1.81785
155 120 0.11154 1.81024
155 125 3.19877 9.9702e-15
155 130 3.19877 9.9702e-15
155 135 3.19877 9.9702e-15
155 140 0.109962 -1.81486
155 145 0.108305 -1.82221
155 150 0.106079 -1.82915
155 155 0.104606 -1.83569
155 160 0.102558 -1.84188
155 165 0.101247 -1.84772
155 170 0.0993579 -1.85324
155 175 0.0981992 -1.85845
155 180 0.0964658 -1.86339
155 185 0.0954743 -1.86804
155 190 0.0939151 -1.87245
155 195 0.0931628 -1.87661
155 200 0.0918336 -1.88055
155 205 0.0913682 -1.88427
155 210 0.0902342 -1.88779
155 215 0.0901643 -1.89111
155 220 0.0887565 -1.89427
155 225 0.0877985 -1.89726
155 230 0.0836799 -1.90016
155 235 0.0693724 -1.90323
155 240 0.039973 -1.90606
155 245 0.0460763 -1.91001
155 250 -0.0499701 -1.90296
155 255 1.96283 -0.316652
160 5 0.0400381 1.84568
160 10 0.0600069 1.90833
160 15 0.0282303 1.90711
160 20 0.0638444 1.90434
160 25 0.0805769 1.90132
160 30 0.0870817 1.89843
160 35 0.0881403 1.89549
160 40 0.0898864 1.89239
160 45 0.0899762 1.88914
160 50 0.0910788 1.8857
160 55 0.091478 1.88207
160 60 0.0927649 1.87821
160 65 0.0934557 1.87415
160 70 0.0949732 1.86984
160 75 0.0959262 1.86529
160 80 0.0976272 1.86046
160 85 0.0987546 1.85537
160 90 0.100613 1.84996
160 95 0.101893 1.84426
160 100 0.103908 1.83821
160 105 0.105347 1.83181
160 110 0.107536 1.82503
160 115 0.109154 1.81785
160 120 0.11154 1.81024
160 125 3.19877 9.9702e-15
160 130 3.19877 9.9702e-15
160 135 3.19877 9.9702e-15
160 140 0.109962 -1.81486
160 145 0.108305 -1.82221
160 150 0.106079 -1.82915
160 155 0.104606 -1.83569
160 160 0.102558 -1.84188
160 165 0.101247 -1.84772
160 170 0.0993579 -1.85324
160 175 0.0981992 -1.85845
160 180 0.0964658 -1.86339
160 185 0.0954743 -1.86804
160 190 0.0939151 -1.87245
160 195 0.0931628 -1.87661
160 200 0.0918336 -1.88055
160 205 0.0913682 -1.88427
160 210 0.0902342 -1.88779
160 215 0.0901643 -1.89111
160 220 0.0887565 -1.89427
160 225 0.0877985 -1.89726
160 230 0.0836799 -1.90016
160 235 0.0693724 -1.90323
160 240 0.039973 -1.90606
160 245 0.0460763 -1.91001
160 250 -0.0499701 -1.90296
160 255 1.96283 -0.316652
165 5 0.0400381 1.84568
165 10 0.0600069 1.90833
165 15 0.0282303 1.90711
165 20 0.0638444 1.90434
165 25 0.0805769 1.90132
165 30 0.0870817 1.89843
165 35 0.0881403 1.89549
165 40 0.0898864 1.89239
165 45 0.0899762 1.88914
165 50 0.0910788 1.8857
165 55 0.091478 1.88207
165 60 0.0927649 1.87821
165 65 0.0934557 1.87415
165 70 0.0949732 1.86984
165 75 0.0959262 1.86529
165 80 0.0976272 1.86046
165 85 0.0987546 1.85537
165 90 0.100613 1.84996
165 95 0.101893 1.84426
165 100 0.103908 1.83821
165 105 0.105347 1.83181
165 110 0.107536 1.82503
165 115 0.109154 1.81785
165 120 0.11154 1.81024
165 125 3.19877 9.9702e-15
165 130 3.19877 9.9702e-15
165 135 3.19877 9.9702e-15
165 140 0.109962 -1.81486
165 145 0.108305 -1.82221
165 150 0.106079 -1.82915
165 155 0.104606 -1.83569
165 160 0.102558 -1.84188
165 165 0.101247 -1.84772
165 170 0.0993579 -1.85324
165 175 0.0981992 -1.85845
165 180 0.0964658 -1.86339
165 185 0.0954743 -1.86804
165 190 0.0939151 -1.87245
165 195 0.0931628 -1.87661
165 200 0.0918336 -1.88055
165 205 0.0913682 -1.88427
165 210 0.0902342 -1.88779
165 215 0.0901643 -1.89111
165 220 0.0887565 -1.89427
165 225 0.0877985 -1.89726
165 230 0.0836799 -1.90016
165 235 0.0693724 -1.90323
165 240 0.039973 -1.90606
165 245 0.0460763 -1.91001
165 250 -0.0499701 -1.90296
165 255 1.96283 -0.316652
170 5 0.0400381 1.84568
170 10 0.0600069 1.90833
170 15 0.0282303 1.90711
170 20 0.0638444 1.90434
170 25 0.0805769 1.90132
170 30 0.0870817 1.89843
170 35 0.0881403 1.89549
170 40 0.0898864 1.89239
170 45 0.0899762 1.88914
170 50 0.0910788 1.8857
170 55 0.091478 1.88207
170 60 0.0927649 1.87821
170 65 0.0934557 1.87415
170 70 0.0949732 1.86984
170 75 0.0959262 1.86529
170 80 0.0976272 1.86046
170 85 0.0987546 1.85537
170 90 0.100613 1.84996
170 95 0.101893 1.84426
170 100 0.103908 1.83821
170 105 0.105347 1.83181
170 110 0.107536 1.82503
170 115 0.109154 1.81785
170 120 0.11154 1.81024
170 125 3.19877 9.9702e-15
170 130 3.19877 9.9702e-15
170 135 3.19877 9.9702e-15
170 140 0.109962 -1.81486
170 145 0.108305 -1.82221
170 150 0.106079 -1.82915
170 155 0.104606 -1.83569
170 160 0.102558 -1.84188
170 165 0.101247 -1.84772
170 170 0.0993579 -1.85324
170 175 0.0981992 -1.85845
170 180 0.0964658 -1.86339
170 185 0.0954743 -1.86804
170 190 0.0939151 -1.87245
170 195 0.0931628 -1.87661
170 200 0.0918336 -1.88055
170 205 0.0913682 -1.88427
170 210 0.0902342 -1.88779
170 215 0.0901643 -1.89111
170 220 0.0887565 -1.89427
170 225 0.0877985 -1.89726
170 230 0.0836799 -1.90016
170 235 0.0693724 -1.90323
170 240 0.039973 -1.90606
170 245 0.0460763 -1.91001
170 250 -0.0499701 -1.90296
170 255 1.96283 -0.316652
175 5 0.0400381 1.84568
175 10 0.0600069 1.90833
175 15 0.0282303 1.90711
175 20 0.0638444 1.90434
175 25 0.0805769 1.90132
175 30 0.0870817 1.89843
175 35 0.0881403 1.89549
175 40 0.0898864 1.89239
175 45 0.0899762 1.88914
175 50 0.0910788 1.8857
175 55 0.091478 1.88207
175 60 0.0927649 1.87821
175 65 0.0934557 1.87415
175 70 0.0949732 1.86984
175 75 0.0959262 1.86529
175 80 0.0976272 1.86046
175 85 0.0987546 1.85537
175 90 0.100613 1.84996
175 95 0.101893 1.84426
175 100 0.103908 1.83821
175 105 0.105347 1.83181
175 110 0.107536 1.82503
175 115 0.109154 1.81785
175 120 0.11154 1.81024
175 125 3.19877 9.9702e-15
175 130 3.19877 9.9702e-15
175 135 3.19877 9.9702e-15
175 140 0.109962 -1.81486
175 145 0.108305 -1.82221
175 150 0.106079 -1.82915
175 155 0.104606 -1.83569
175 160 0.102558 -1.84188
175 165 0.101247 -1.84772
175 170 0.0993579 -1.85324
175 175 0.0981992 -1.85845
175 180 0.0964658 -1.86339
175 185 0.0954743 -1.86804
175 190 0.0939151 -1.87245
175 195 0.0931628 -1.87661
175 200 0.0918336 -1.88055
175 205 0.0913682 -1.88427
175 210 0.0902342 -1.88779
175 215 0.0901643 -1.89111
175 220 0.0887565 -1.89427
175 225 0.0877985 -1.89726
175 230 0.0836799 -1.90016
175 235 0.0693724 -1.90323
175 240 0.039973 -1.90606
175 245 0.0460763 -1.91001
175 250 -0.0499701 -1.90296
175 255 1.96283 -0.316652
180 5 0.0400381 1.84568
180 10 0.0600069 1.90833
180 15 0.0282303 1.90711
180 20 0.0638444 1.90434
180 25 0.0805769 1.90132
180 30 0.0870817 1.89843
180 35 0.0881403 1.89549
180 40 0.0898864 1.89239
180 45 0.0899762 1.88914
180 50 0.0910788 1.8857
180 55 0.091478 1.88207
180 60 0.0927649 1.87821
180 65 0.0934557 1.87415
180 70 0.0949732 1.86984
180 75 0.0959262 1.86529
180 80 0.0976272 1.86046
180 85 0.0987546 1.85537
180 90 0.100613 1.84996
180 95 0.101893 1.84426
180 100 0.103908 1.83821
180 105 0.105347 1.83181
180 110 0.107536 1.82503
180 115 0.109154 1.81785
180 120 0.11154 1.81024
180 125 3.19877 9.9702e-15
180 130 3.19877 9.9702e-15
180 135 3.19877 9.9702e-15
180 140 0.109962 -1.81486
180 145 0.108305 -1.82221
180 150 0.106079 -1.82915
180 155 0.104606 -1.83569
180 160 0.102558 -1.84188
180 165 0.101247 -1.84772
180 170 0.0993579 -1.85324
180 175 0.0981992 -1.85845
180 180 0.0964658 -1.86339
180 185 0.0954743 -1.86804
180 190 0.0939151 -1.87245
180 195 0.0931628 -1.87661
180 200 0.0918336 -1.88055
180 205 0.0913682 -1.88427
180 210 0.0902342 -1.88779
180 215 0.0901643 -1.89111
180 220 0.0887565 -1.89427
180 225 0.0877985 -1.89726
180 230 0.0836799 -1.90016
180 235 0.0693724 -1.90323
180 240 0.039973 -1.90606
180 245 0.0460763 -1.91001
180 250 -0.0499701 -1.90296
180 255 1.96283 -0.316652
185 5 0.0400381 1.84568
185 10 0.0600069 1.90833
185 15 0.0282303 1.90711
185 20 0.0638444 1.90434
185 25 0.0805769 1.90132
185 30 0.0870817 1.89843
185 35 0.0881403 1.89549
185 40 0.0898864 1.89239
185 45 0.0899762 1.88914
185 50 0.0910788 1.8857
185 55 0.091478 1.88207
185 60 0.0927649 1.87821
185 65 0.0934557 1.87415
185 70 0.0949732 1.86984
185 75 0.0959262 1.86529
185 80 0.0976272 1.86046
185 85 0.0987546 1.85537
185 90 0.100613 1.84996
185 95 0.101893 1.84426
185 100 0.103908 1.83821
185 105 0.105347 1.83181
185 110 0.107536 1.82503
185 115 0.109154 1.81785
185 120 0.11154 1.81024
185 125 3.19877 9.9702e-15
185 130 3.19877 9.9702e-15
185 135 3.19877 9.9702e-15
185 140 0.109962 -1.81486
185 145 0.108305 -1.82221
185 150 0.106079 -1.82915
185 155 0.104606 -1.83569
185 160 0.102558 -1.84188
185 165 0.101247 -1.84772
185 170 0.0993579 -1.85324
185 175 0.0981992 -1.85845
185 180 0.0964658 -1.86339
185 185 0.0954743 -1.86804
185 190 0.0939151 -1.87245
185 195 0.0931628 -1.87661
185 200 0.0918336 -1.88055
185 205 0.0913682 -1.88427
185 210 0.0902342 -1.88779
185 215 0.0901643 -1.89111
185 220 0.0887565 -1.89427
185 225 0.0877985 -1.89726
185 230 0.0836799 -1.90016
185 235 0.0693724 -1.90323
185 240 0.039973 -1.90606
185 245 0.0460763 -1.91001
185 250 -0.0499701 -1.90296
185 255 1.96283 -0.316652
190 5 0.0400381 1.84568
190 10 0.0600069 1.90833
190 15 0.0282303 1.90711
190 20 0.0638444 1.90434
190 25 0.0805769 1.90132
190 30 0.0870817 1.89843
190 35 0.0881403 1.89549
190 40 0.0898864 1.89239
190 45 0.0899762 1.88914
190 50 0.0910788 1.8857
190 55 0.091478 1.88207
190 60 0.0927649 1.87821
190 65 0.0934557 1.87415
190 70 0.0949732 1.86984
190 75 0.0959262 1.86529
190 80 0.0976272 1.86046
190 85 0.0987546 1.85537
190 90 0.100613 1.84996
190 95 0.101893 1.84426
190 100 0.103908 1.83821
190 105 0.105347 1.83181
190 110 0.107536 1.82503
190 115 0.109154 1.81785
190 120 0.11154 1.81024
190 125 3.19877 9.9702e-15
190 130 3.19877 9.9702e-15
190 135 3.19877 9.9702e-15
190 140 0.109962 -1.81486
190 145 0.108305 -1.82221
190 150 0.106079 -1.82915
190 155 0.104606 -1.83569
190 160 0.102558 -1.84188
190 165 0.101247 -1.84772
190 170 0.0993579 -1.85324
190 175 0.0981992 -1.85845
190 180 0.0964658 -1.86339
190 185 0.0954743 -1.86804
190 190 0.0939151 -1.87245
190 195 0.0931628 -1.87661
190 200 0.0918336 -1.88055
190 205 0.0913682 -1.88427
190 210 0.0902342 -1.88779
190 215 0.0901643 -1.89111
190 220 0.0887565 -1.89427
190 225 0.0877985 -1.89726
190 230 0.0836799 -1.90016
190 235 0.0693724 -1.90323
190 240 0.039973 -1.90606
190 245 0.0460763 -1.91001
190 250 -0.0499701 -1.90296
190 255 1.96283 -0.316652
195 5 0.0400381 1.84568
195 10 0.0600069 1.90833
195 15 0.0282303 1.90711
195 20 0.0638444 1.90434
195 25 0.0805769 1.90132
195 30 0.0870817 1.89843
195 35 0.0881403 1.89549
195 40 0.0898864 1.89239
195 45 0.0899762 1.88914
195 50 0.0910788 1.8857
195 55 0.091478 1.88207
195 60 0.0927649 1.87821
195 65 0.0934557 1.87415
195 70 0.0949732 1.86984
195 75 0.0959262 1.86529
195 80 0.0976272 1.86046
195 85 0.0987546 1.85537
195 90 0.100613 1.84996
195 95 0.101893 1.84426
195 100 0.103908 1.83821
195 105 0.105347 1.83181
195 110 0.107536 1.82503
195 115 0.109154 1.81785
195 120 0.11154 1.81024
195 125 3.19877 9.9702e-15
195 130 3.19877 9.9702e-15
195 135 3.19877 9.9702e-15
195 140 0.109962 -1.81486
195 145 0.108305 -1.82221
195 150 0.106079 -1.82915
195 155 0.104606 -1.83569
195 160 0.102558 -1.84188
195 165 0.101247 -1.84772
195 170 0.0993579 -1.85324
195 175 0.0981992 -1.85845
195 180 0.0964658 -1.86339
195 185 0.0954743 -1.86804
195 190 0.0939151 -1.87245
195 195 0.0931628 -1.87661
195 200 0.0918336 -1.88055
195 205 0.0913682 -1.88427
195 210 0.0902342 -1.88779
195 215 0.0901643 -1.89111
195 220 0.0887565 -1.89427
195 225 0.0877985 -1.89726
195 230 0.0836799 -1.90016
195 235 0.0693724 -1.90323
195 240 0.039973 -1.90606
195 245 0.0460763 -1.91001
195 250 -0.0499701 -1.90296
195 255 1.96283 -0.316652
200 5 0.0400381 1.84568
200 10 0.0600069 1.90833
200 15 0.0282303 1.90711
200 20 0.0638444 1.90434
200 25 0.0805769 1.90132
200 30 0.0870817 1.89843
200 35 0.0881403 1.89549
200 40 0.0898864 1.89239
200 45 0.0899762 1.88914
200 50 0.0910788 1.8857
200 55 0.091478 1.88207
200 60 0.0927649 1.87821
200 65 0.0934557 1.87415
200 70 0.0949732 1.86984
200 75 0.0959262 1.86529
200 80 0.0976272 1.86046
200 85 0.0987546 1.85537
200 90 0.100613 1.84996
200 95 0.101893 1.84426
200 100 0.103908 1.83821
200 105 0.105347 1.83181
200 110 0.107536 1.82503
200 115 0.109154 1.81785
200 120 0.11154 1.81024
200 125 3.19877 9.9702e-15
200 130 3.19877 9.9702e-15
200 135 3.19877 9.9702e-15
200 140 0.109962 -1.81486
200 145 0.108305 -1.82221
200 150 0.106079 -1.82915
200 155 0.104606 -1.83569
200 160 0.102558 -1.84188
200 165 0.101247 -1.84772
200 170 0.0993579 -1.85324
200 175 0.0981992 -1.85845
200 180 0.0964658 -1.86339
200 185 0.0954743 -1.86804
200 190 0.0939151 -1.87245
200 195 0.0931628 -1.87661
200 200 0.0918336 -1.88055
200 205 0.0913682 -1.88427
200 210 0.0902342 -1.88779
200 215 0.0901643 -1.89111
200 220 0.0887565 -1.89427
200 225 0.0877985 -1.89726
200 230 0.0836799 -1.90016
200 235 0.0693724 -1.90323
200 240 0.039973 -1.90606
200 245 0.0460763 -1.91001
200 250 -0.0499701 -1.90296
200 255 1.96283 -0.316652
205 5 0.0400381 1.84568
205 10 0.0600069 1.90833
205 15 0.0282303 1.90711
205 20 0.0638444 1.90434
205 25 0.0805769 1.90132
205 30 0.0870817 1.89843
205 35 0.0881403 1.89549
205 40 0.0898864 1.89239
205 45 0.0899762 1.88914
205 50 0.0910788 1.8857
205 55 0.091478 1.88207
205 60 0.0927649 1.87821
205 65 0.0934557 1.87415
205 70 0.0949732 1.86984
205 75 0.0959262 1.86529
205 80 0.0976272 1.86046
205 85 0.0987546 1.85537
205 90 0.100613 1.84996
205 95 0.101893 1.84426
205 100 0.103908 1.83821
205 105 0.105347 1.83181
205 110 0.107536 1.82503
205 115 0.109154 1.81785
205 120 0.11154 1.81024
205 125 3.19877 9.9702e-15
205 130 3.19877 9.9702e-15
205 135 3.19877 9.9702e-15
205 140 0.109962 -1.81486
205 145 0.108305 -1.82221
205 150 0.106079 -1.82915
205 155 0.104606 -1.83569
205 160 0.102558 -1.84188
205 165 0.101247 -1.84772
205 170 0.0993579 -1.85324
205 175 0.0981992 -1.85845
205 180 0.0964658 -1.86339
205 185 0.0954743 -1.86804
205 190 0.0939151 -1.87245
205 195 0.0931628 -1.87661
205 200 0.0918336 -1.88055
205 205 0.0913682 -1.88427
205 210 0.0902342 -1.88779
205 215 0.0901643 -1.89111
205 220 0.0887565 -1.89427
205 225 0.0877985 -1.89726
205 230 0.0836799 -1.90016
205 235 0.0693724 -1.90323
205 240 0.039973 -1.90606
205 245 0.0460763 -1.91001
205 250 -0.0499701 -1.90296
205 255 1.96283 -0.316652
210 5 0.0400381 1.84568
210 10 0.0600069 1.90833
210 15 0.0282303 1.90711
210 20 0.0638444 1.90434
210 25 0.0805769 1.90132
210 30 0.0870817 1.89843
210 35 0.0881403 1.89549
210 40 0.0898864 1.89239
210 45 0.0899762 1.88914
210 50 0.0910788 1.8857
210 55 0.091478 1.88207
210 60 0.0927649 1.87821
210 65 0.0934557 1.87415
210 70 0.0949732 1.86984
210 75 0.0959262 1.86529
210 80 0.0976272 1.86046
210 85 0.0987546 1.85537
210 90 0.100613 1.84996
210 95 0.101893 1.84426
210 100 0.103908 1.83821
210 105 0.105347 1.83181
210 110 0.107536 1.82503
210 115 0.109154 1.81785
210 120 0.11154 1.81024
210 125 3.19877 9.9702e-15
210 130 3.19877 9.9702e-15
210 135 3.19877 9.9702e-15
210 140 0.109962 -1.81486
210 145 0.108305 -1.82221
210 150 0.106079 -1.82915
210 155 0.104606 -1.83569
210 160 0.102558 -1.84188
210 165 0.101247 -1.84772
210 170 0.0993579 -1.85324
210 175 0.0981992 -1.85845
210 180 0.0964658 -1.86339
210 185 0.0954743 -1.86804
210 190 0.0939151 -1.87245
210 195 0.0931628 -1.87661
210 200 0.0918336 -1.88055
210 205 0.0913682 -1.88427
210 210 0.0902342 -1.88779
210 215 0.0901643 -1.89111
210 220 0.0887565 -1.89427
210 225 0.0877985 -1.89726
210 230 0.0836799 -1.90016
210 235 0.0693724 -1.90323
210 240 0.039973 -1.90606
210 245 0.0460763 -1.91001
210 250 -0.0499701 -1.90296
210 255 1.96283 -0.316652
215 5 0.0400381 1.84568
215 10 0.0600069 1.90833
215 15 0.0282303 1.90711
215 20 0.0638444 1.90434
215 25 0.0805769 1.90132
215 30 0.0870817 1.89843
215 35 0.0881403 1.89549
215 40 0.0898864 1.89239
215 45 0.0899762 1.88914
215 50 0.0910788 1.8857
215 55 0.091478 1.88207
215 60 0.0927649 1.87821
215 65 0.0934557 1.87415
215 70 0.0949732 1.86984
215 75 0.0959262 1.86529
215 80 0.0976272 1.86046
215 85 0.0987546 1.85537
215 90 0.100613 1.84996
215 95 0.101893 1.84426
215 100 0.103908 1.83821
215 105 0.105347 1.83181
215 110 0.107536 1.82503
215 115 0.109154 1.81785
215 120 0.11154 1.81024
215 125 3.19877 9.9702e-15
215 130 3.19877 9.9702e-15
215 135 3.19877 9.9702e-15
215 140 0.109962 -1.81486
215 145 0.108305 -1.82221
215 150 0.106079 -1.82915
215 155 0.104606 -1.83569
215 160 0.102558 -1.84188
215 165 0.101247 -1.84772
215 170 0.0993579 -1.85324
215 175 0.0981992 -1.85845
215 180 0.0964658 -1.86339
215 185 0.0954743 -1.86804
215 190 0.0939151 -1.87245
215 195 0.0931628 -1.87661
215 200 0.0918336 -1.88055
215 205 0.0913682 -1.88427
215 210 0.0902342 -1.88779
215 215 0.0901643 -1.89111
215 220 0.0887565 -1.89427
215 225 0.0877985 -1.89726
215 230 0.0836799 -1.90016
215 235 0.0693724 -1.90323
215 240 0.039973 -1.90606
215 245 0.0460763 -1.91001
215 250 -0.0499701 -1.90296
215 255 1.96283 -0.316652
220 5 0.0400381 1.84568
220 10 0.0600069 1.90833
220 15 0.0282303 1.90711
220 20 0.0638444 1.90434
220 25 0.0805769 1.90132
220 30 0.0870817 1.89843
220 35 0.0881403 1.89549
220 40 0.0898864 1.89239
220 45 0.0899762 1.88914
220 50 0.0910788 1.8857
220 55 0.091478 1.88207
220 60 0.0927649 1.87821
220 65 0.0934557 1.87415
220 70 0.0949732 1.86984
220 75 0.0959262 1.86529
220 80 0.0976272 1.86046
220 85 0.0987546 1.85537
220 90 0.100613 1.84996
220 95 0.101893 1.84426
220 100 0.103908 1.83821
220 105 0.105347 1.83181
220 110 0.107536 1.82503
220 115 0.109154 1.81785
220 120 0.11154 1.81024
220 125 3.19877 9.9702e-15
220 130 3.19877 9.9702e-15
220 135 3.19877 9.9702e-15
220 140 0.109962 -1.81486
220 145 0.108305 -1.82221
220 150 0.106079 -1.82915
220 155 0.104606 -1.83569
220 160 0.102558 -1.84188
220 165 0.101247 -1.84772
220 170 0.0993579 -1.85324
220 175 0.0981992 -1.85845
220 180 0.0964658 -1.86339
220 185 0.0954743 -1.86804
220 190 0.0939151 -1.87245
220 195 0.0931628 -1.87661
220 200 0.0918336 -1.88055
220 205 0.0913682 -1.88427
220 210 0.0902342 -1.88779
220 215 0.0901643 -1.89111
220 220 0.0887565 -1.89427
220 225 0.0877985 -1.89726
220 230 0.0836799 -1.90016
220 235 0.0693724 -1.90323
220 240 0.039973 -1.90606
220 245 0.0460763 -1.91001
220 250 -0.0499701 -1.90296
220 255 1.96283 -0.316652
225 5 0.0400381 1.84568
225 10 0.0600069 1.90833
225 15 0.0282303 1.90711
225 20 0.0638444 1.90434
225 25 0.0805769 1.90132
225 30 0.0870817 1.89843
225 35 0.0881403 1.89549
225 40 0.0898864 1.89239
225 45 0.0899762 1.88914
225 50 0.0910788 1.8857
225 55 0.091478 1.88207
225 60 0.0927649 1.87821
225 65 0.0934557 1.87415
225 70 0.0949732 1.86984
225 75 0.0959262 1.86529
225 80 0.0976272 1.86046
225 85 0.0987546 1.85537
225 90 0.100613 1.84996
225 95 0.101893 1.84426
225 100 0.103908 1.83821
225 105 0.105347 1.83181
225 110 0.107536 1.82503
225 115 0.109154 1.81785
225 120 0.11154 1.81024
225 125 3.19877 9.9702e-15
225 130 3.19877 9.9702e-15
225 135 3.19877 9.9702e-15
225 140 0.109962 -1.81486
225 145 0.108305 -1.82221
225 150 0.106079 -1.82915
225 155 0.104606 -1.83569
225 160 0.102558 -1.84188
225 165 0.101247 -1.84772
225 170 0.0993579 -1.85324
225 175 0.0981992 -1.85845
225 180 0.0964658 -1.86339
225 185 0.0954743 -1.86804
225 190 0.0939151 -1.87245
225 195 0.0931628 -1.87661
225 200 0.0918336 -1.88055
225 205 0.0913682 -1.88427
225 210 0.0902342 -1.88779
225 215 0.0901643 -1.89111
225 220 0.0887565 -1.89427
225 225 0.0877985 -1.89726
225 230 0.0836799 -1.90016
225 235 0.0693724 -1.90323
225 240 0.039973 -1.90606
225 245 0.0460763 -1.91001
225 250 -0.0499701 -1.90296
225 255 1.96283 -0.316652
230 5 0.0400381 1.84568
230 10 0.0600069 1.90833
230 15 0.0282303 1.90711
230 20 0.0638444 1.90434
230 25 0.0805769 1.90132
230 30 0.0870817 1.89843
230 35 0.0881403 1.89549
230 40 0.0898864 1.89239
230 45 0.0899762 1.88914
230 50 0.0910788 1.8857
230 55 0.091478 1.88207
230 60 0.0927649 1.87821
230 65 0.0934557 1.87415
230 70 0.0949732 1.86984
230 75 0.0959262 1.86529
230 80 0.0976272 1.86046
230 85 0.0987546 1.85537
230 90 0.100613 1.84996
230 95 0.101893 1.84426
230 100 0.103908 1.83821
230 105 0.105347 1.83181
230 110 0.107536 1.82503
230 115 0.109154 1.81785
230 120 0.11154 1.81024
230 125 3.19877 9.9702e-15
230 130 3.19877 9.9702e-15
230 135 3.19877 9.9702e-15
230 140 0.109962 -1.81486
230 145 0.108305 -1.82221
230 150 0.106079 -1.82915
230 155 0.104606 -1.83569
230 160 0.102558 -1.84188
230 165 0.101247 -1.84772
230 170 0.0993579 -1.85324
230 175 0.0981992 -1.85845
230 180 0.0964658 -1.86339
230 185 0.0954743 -1.86804
230 190 0.0939151 -1.87245
230 195 0.0931628 -1.87661
230 200 0.0918336 -1.88055
230 205 0.0913682 -1.88427
230 210 0.0902342 -1.88779
230 215 0.0901643 -1.89111
230 220 0.0887565 -1.89427
230 225 0.0877985 -1.89726
230 230 0.0836799 -1.90016
230 235 0.0693724 -1.90323
230 240 0.039973 -1.90606
230 245 0.0460763 -1.91001
230 250 -0.0499701 -1.90296
230 255 1.96283 -0.316652
235 5 0.0400381 1.84568
235 10 0.0600069 1.90833
235 15 0.0282303 1.90711
235 20 0.0638444 1.90434
235 25 0.0805769 1.90132
235 30 0.0870817 1.89843
235 35 0.0881403 1.89549
235 40 0.0898864 1.89239
235 45 0.0899762 1.88914
235 50 0.0910788 1.8857
235 55 0.091478 1.88207
235 60 0.0927649 1.87821
235 65 0.0934557 1.87415
235 70 0.0949732 1.86984
235 75 0.0959262 1.86529
235 80 0.0976272 1.86046
235 85 0.0987546 1.85537
235 90 0.100613 1.84996
235 95 0.101893 1.84426
235 100 0.103908 1.83821
235 105 0.105347 1.83181
235 110 0.107536 1.82503
235 115 0.109154 1.81785
235 120 0.11154 1.81024
235 125 3.19877 9.9702e-15
235 130 3.19877 9.9702e-15
235 135 3.19877 9.9702e-15
235 140 0.109962 -1.81486
235 145 0.108305 -1.82221
235 150 0.106079 -1.82915
235 155 0.104606 -1.83569
235 160 0.102558 -1.84188
235 165 0.101247 -1.84772
235 170 0.0993579 -1.85324
235 175 0.0981992 -1.85845
235 180 0.0964658 -1.86339
235 185 0.0954743 -1.86804
235 190 0.0939151 -1.87245
235 195 0.0931628 -1.87661
235 200 0.0918336 -1.88055
235 205 0.0913682 -1.88427
235 210 0.0902342 -1.88779
235 215 0.0901643 -1.89111
235 220 0.0887565 -1.89427
235 225 0.0877985 -1.89726
235 230 0.0836799 -1.90016
235 235 0.0693724 -1.90323
235 240 0.039973 -1.90606
235 245 0.0460763 -1.91001
235 250 -0.0499701 -1.90296
235 255 1.96283 -0.316652
240 5 0.0400381 1.84568
240 10 0.0600069 1.90833
240 15 0.0282303 1.90711
240 20 0.0638444 1.90434
240 25 0.0805769 1.90132
240 30 0.0870817 1.89843
240 35 0.0881403 1.89549
240 40 0.0898864 1.89239
240 45 0.0899762 1.88914
240 50 0.0910788 1.8857
240 55 0.091478 1.88207
240 60 0.0927649 1.87821
240 65 0.0934557 1.87415
240 70 0.0949732 1.86984
240 75 0.0959262 1.86529
240 80 0.0976272 1.86046
240 85 0.0987546 1.85537
240 90 0.100613 1.84996
240 95 0.101893 1.84426
240 100 0.103908 1.83821
240 105 0.105347 1.83181
240 110 0.107536 1.82503
240 115 0.109154 1.81785
240 120 0.11154 1.81024
240 125 3.19877 9.9702e-15
240 130 3.19877 9.9702e-15
240 135 3.19877 9.9702e-15
240 140 0.109962 -1.81486
240 145 0.108305 -1.82221
240 150 0.106079 -1.82915
240 155 0.104606 -1.83569
240 160 0.102558 -1.84188
240 165 0.101247 -1.84772
240 170 0.0993579 -1.85324
240 175 0.0981992 -1.85845
240 180 0.0964658 -1.86339
240 185 0.0954743 -1.86804
240 190 0.0939151 -1.87245
240 195 0.0931628 -1.87661
240 200 0.0918336 -1.88055
240 205 0.0913682 -1.88427
240 210 0.0902342 -1.88779
240 215 0.0901643 -1.89111
240 220 0.0887565 -1.89427
240 225 0.0877985 -1.89726
240 230 0.0836799 -1.90016
240 235 0.0693724 -1.90323
240 240 0.039973 -1.90606
240 245 0.0460763 -1.91001
240 250 -0.0499701 -1.90296
240 255 1.96283 -0.316652
245 5 0.0400381 1.84568
245 10 0.0600069 1.90833
245 15 0.0282303 1.90711
245 20 0.0638444 1.90434
245 25 0.0805769 1.90132
245 30 0.0870817 1.89843
245 35 0.0881403 1.89549
245 40 0.0898864 1.89239
245 45 0.0899762 1.88914
245 50 0.0910788 1.8857
245 55 0.091478 1.88207
245 60 0.0927649 1.87821
245 65 0.0934557 1.87415
245 70 0.0949732 1.86984
245 75 0.0959262 1.86529
245 80 0.0976272 1.86046
245 85 0.0987546 1.85537
245 90 0.100613 1.84996
245 95 0.101893 1.84426
245 100 0.103908 1.83821
245 105 0.105347 1.83181
245 110 0.107536 1.82503
245 115 0.109154 1.81785
245 120 0.11154 1.81024
245 125 3.19877 9.9702e-15
245 130 3.19877 9.9702e-15
245 135 3.19877 9.9702e-15
245 140 0.109962 -1.81486
245 145 0.108305 -1.82221
245 150 0.106079 -1.82915
245 155 0.104606 -1.83569
245 160 0.102558 -1.84188
245 165 0.101247 -1.84772
245 170 0.0993579 -1.85324
245 175 0.0981992 -1.85845
245 180 0.0964658 -1.86339
245 185 0.0954743 -1.86804
245 190 0.0939151 -1.87245
245 195 0.0931628 -1.87661
245 200 0.0918336 -1.88055
245 205 0.0913682 -1.88427
245 210 0.0902342 -1.88779
245 215 0.0901643 -1.89111
245 220 0.0887565 -1.89427
245 225 0.0877985 -1.89726
245 230 0.0836799 -1.90016
245 235 0.0693724 -1.90323
245 240 0.039973 -1.90606
245 245 0.0460763 -1.91001
245 250 -0.0499701 -1.90296
245 255 1.96283 -0.316652
250 5 0.0400381 1.84568
250 10 0.0600069 1.90833
250 15 0.0282303 1.90711
250 20 0.0638444 1.90434
250 25 0.0805769 1.90132
250 30 0.0870817 1.89843
250 35 0.0881403 1.89549
250 40 0.0898864 1.89239
250 45 0.0899762 1.88914
250 50 0.0910788 1.8857
250 55 0.091478 1.88207
250 60 0.0927649 1.87821
250 65 0.0934557 1.87415
250 70 0.0949732 1.86984
250 75 0.0959262 1.86529
250 80 0.0976272 1.86046
250 85 0.0987546 1.85537
250 90 0.100613 1.84996
250 95 0.101893 1.84426
250 100 0.103908 1.83821
250 105 0.105347 1.83181
250 110 0.107536 1.82503
250 115 0.109154 1.81785
250 120 0.11154 1.81024
250 125 3.19877 9.9702e-15
250 130 3.19877 9.9702e-15
250 135 3.19877 9.9702e-15
250 140 0.109962 -1.81486
250 145 0.108305 -1.82221
250 150 0.106079 -1.82915
250 155 0.104606 -1.83569
250 160 0.102558 -1.84188
250 165 0.101247 -1.84772
250 170 0.0993579 -1.85324
250 175 0.0981992 -1.85845
250 180 0.0964658 -1.86339
250 185 0.0954743 -1.86804
250 190 0.0939151 -1.87245
250 195 0.0931628 -1.87661
250 200 0.0918336 -1.88055
250 205 0.0913682 -1.88427
250 210 0.0902342 -1.88779
250 215 0.0901643 -1.89111
250 220 0.0887565 -1.89427
250 225 0.0877985 -1.89726
250 230 0.0836799 -1.90016
250 235 0.0693724 -1.90323
250 240 0.039973 -1.90606
250 245 0.0460763 -1.91001
250 250 -0.0499701 -1.90296
250 255 1.96283 -0.316652
255 5 0.0400381 1.84568
255 10 0.0600069 1.90833
255 15 0.0282303 1.90711
255 20 0.0638444 1.90434
255 25 0.0805769 1.90132
255 30 0.0870817 1.89843
255 35 0.0881403 1.89549
255 40 0.0898864 1.89239
255 45 0.0899762 1.88914
255 50 0.0910788 1.8857
255 55 0.091478 1.88207
255 60 0.0927649 1.87821
255 65 0.0934557 1.87415
255 70 0.0949732 1.86984
255 75 0.0959262 1.86529
255 80 0.0976272 1.86046
255 85 0.0987546 1.85537
255 90 0.100613 1.84996
255 95 0.101893 1.84426
255 100 0.103908 1.83821
255 105 0.105347 1.83181
255 110 0.107536 1.82503
255 115 0.109154 1.81785
255 120 0.11154 1.81024
255 125 3.19877 9.9702e-15
255 130 3.19877 9.9702e-15
255 135 3.19877 9.9702e-15
255 140 0.109962 -1.81486
255 145 0.108305 -1.82221
255 150 0.106079 -1.82915
255 155 0.104606 -1.83569
255 160 0.102558 -1.84188
255 165 0.101247 -1.84772
255 170 0.0993579 -1.85324
255 175 0.0981992 -1.85845
255 180 0.0964658 -1.86339
255 185 0.0954743 -1.86804
255 190 0.0939151 -1.87245
255 195 0.0931628 -1.87661
255 200 0.0918336 -1.88055
255 205 0.0913682 -1.88427
255 210 0.0902342 -1.88779
255 215 0.0901643 -1.89111
255 220 0.0887565 -1.89427
255 225 0.0877985 -1.89726
255 230 0.0836799 -1.90016
255 235 0.0693724 -1.90323
255 240 0.039973 -1.90606
255 245 0.0460763 -1.91001
255 250 -0.0499701 -1.90296
255 255 1.96283 -0.316652
