5 5 -2.36586e+07 -1.09551e+09
5 10 0.401911 -0.313367
5 15 0.0517888 0.870006
5 20 0.08723 1.89562
5 25 0.0806839 1.82871
5 30 0.0893363 2.28289
5 35 0.0850912 2.20881
5 40 0.0850754 2.21703
5 45 0.0845335 2.21863
5 50 0.0850749 2.21056
5 55 0.0852139 2.20806
5 60 0.0862726 2.20495
5 65 0.0867696 2.20145
5 70 0.0880215 2.19783
5 75 0.0886955 2.19407
5 80 0.0900739 2.19007
5 85 0.0908634 2.18585
5 90 0.0923509 2.18138
5 95 0.0932477 2.17666
5 100 0.0948477 2.17167
5 105 0.0958592 2.16639
5 110 -1.09613 -1.91708
5 115 -1.12518 -4.73116
5 120 -3.20672 -0.865639
5 125 -3.81373 -0.0588472
5 130 -3.83938 0.0111928
5 135 -3.56285 0.397408
5 140 -2.54978 1.86309
5 145 -17.5994 -21.3042
5 150 -0.416629 2.10644
5 155 0.095375 -2.16959
5 160 0.0937511 -2.1747
5 165 0.0928322 -2.17952
5 170 0.0913229 -2.18409
5 175 0.090512 -2.18841
5 180 0.0891114 -2.1925
5 185 0.0884129 -2.19638
5 190 0.0871317 -2.20003
5 195 0.0865874 -2.20345
5 200 0.085491 -2.20713
5 205 0.085239 -2.20957
5 210 0.0844595 -2.21116
5 215 0.0847398 -2.20761
5 220 0.084939 -2.22229
5 225 0.0927193 -2.47631
5 230 0.0754664 -1.59196
5 235 0.164406 -4.64785
5 240 -0.216827 9.98387
5 245 0.508968 11.1688
5 250 -5.59402 1689.5
5 255 0.313797 -3.37465
10 5 -2.36586e+07 -1.09551e+09
10 10 0.401911 -0.313367
10 15 0.0517888 0.870006
10 20 0.08723 1.89562
10 25 0.0806839 1.82871
10 30 0.0893363 2.28289
10 35 0.0850912 2.20881
10 40 0.0850754 2.21703
10 45 0.0845335 2.21863
10 50 0.0850749 2.21056
10 55 0.0852139 2.20806
10 60 0.0862726 2.20495
10 65 0.0867696 2.20145
10 70 0.0880215 2.19783
10 75 0.0886955 2.19407
10 80 0.0900739 2.19007
10 85 0.0908634 2.18585
10 90 0.0923509 2.18138
10 95 0.0932477 2.17666
10 100 0.0948477 2.17167
10 105 0.0958592 2.16639
10 110 -1.09613 -1.91708
10 115 -1.12518 -4.73116
10 120 -3.20672 -0.865639
10 125 -3.81373 -0.0588472
10 130 -3.83938 0.0111928
10 135 -3.56285 0.397408
10 140 -2.54978 1.86309
10 145 -17.5994 -21.3042
10 150 -0.416629 2.10644
10 155 0.095375 -2.16959
10 160 0.0937511 -2.1747
10 165 0.0928322 -2.17952
10 170 0.0913229 -2.18409
10 175 0.090512 -2.18841
10 180 0.0891114 -2.1925
10 185 0.0884129 -2.19638
10 190 0.0871317 -2.20003
10 195 0.0865874 -2.20345
10 200 0.085491 -2.20713
10 205 0.085239 -2.20957
10 210 0.0844595 -2.21116
10 215 0.0847398 -2.20761
10 220 0.084939 -2.22229
10 225 0.0927193 -2.47631
10 230 0.0754664 -1.59196
10 235 0.164406 -4.64785
10 240 -0.216827 9.98387
10 245 0.508968 11.1688
10 250 -5.59402 1689.5
10 255 0.313797 -3.37465
15 5 -2.36586e+07 -1.09551e+09
15 10 0.401911 -0.313367
15 15 0.0517888 0.870006
15 20 0.08723 1.89562
15 25 0.0806839 1.82871
15 30 0.0893363 2.28289
15 35 0.0850912 2.20881
15 40 0.0850754 2.21703
15 45 0.0845335 2.21863
15 50 0.0850749 2.21056
15 55 0.0852139 2.20806
15 60 0.0862726 2.20495
15 65 0.0867696 2.20145
15 70 0.0880215 2.19783
15 75 0.0886955 2.19407
15 80 0.0900739 2.19007
15 85 0.0908634 2.18585
15 90 0.0923509 2.18138
15 95 0.0932477 2.17666
15 100 0.0948477 2.17167
15 105 0.0958592 2.16639
15 110 -1.09613 -1.91708
15 115 -1.12518 -4.73116
15 120 -3.20672 -0.865639
15 125 -3.81373 -0.0588472
15 130 -3.83938 0.0111928
15 135 -3.56285 0.397408
15 140 -2.54978 1.86309
15 145 -17.5994 -21.3042
15 150 -0.416629 2.10644
15 155 0.095375 -2.16959
15 160 0.0937511 -2.1747
15 165 0.0928322 -2.17952
15 170 0.0913229 -2.18409
15 175 0.090512 -2.18841
15 180 0.0891114 -2.1925
15 185 0.0884129 -2.19638
15 190 0.0871317 -2.20003
15 195 0.0865874 -2.20345
15 200 0.085491 -2.20713
15 205 0.085239 -2.20957
15 210 0.0844595 -2.21116
15 215 0.0847398 -2.20761
15 220 0.084939 -2.22229
15 225 0.0927193 -2.47631
15 230 0.0754664 -1.59196
15 235 0.164406 -4.64785
15 240 -0.216827 9.98387
15 245 0.508968 11.1688
15 250 -5.59402 1689.5
15 255 0.313797 -3.37465
20 5 -2.36586e+07 -1.09551e+09
20 10 0.401911 -0.313367
20 15 0.0517888 0.870006
20 20 0.08723 1.89562
20 25 0.0806839 1.82871
20 30 0.0893363 2.28289
20 35 0.0850912 2.20881
20 40 0.0850754 2.21703
20 45 0.0845335 2.21863
20 50 0.0850749 2.21056
20 55 0.0852139 2.20806
20 60 0.0862726 2.20495
20 65 0.0867696 2.20145
20 70 0.0880215 2.19783
20 75 0.0886955 2.19407
20 80 0.0900739 2.19007
20 85 0.0908634 2.18585
20 90 0.0923509 2.18138
20 95 0.0932477 2.17666
20 100 0.0948477 2.17167
20 105 0.0958592 2.16639
20 110 -1.09613 -1.91708
20 115 -1.12518 -4.73116
20 120 -3.20672 -0.865639
20 125 -3.81373 -0.0588472
20 130 -3.83938 0.0111928
20 135 -3.56285 0.397408
20 140 -2.54978 1.86309
20 145 -17.5994 -21.3042
20 150 -0.416629 2.10644
20 155 0.095375 -2.16959
20 160 0.0937511 -2.1747
20 165 0.0928322 -2.17952
20 170 0.0913229 -2.18409
20 175 0.090512 -2.18841
20 180 0.0891114 -2.1925
20 185 0.0884129 -2.19638
20 190 0.0871317 -2.20003
20 195 0.0865874 -2.20345
20 200 0.085491 -2.20713
20 205 0.085239 -2.20957
20 210 0.0844595 -2.21116
20 215 0.0847398 -2.20761
20 220 0.084939 -2.22229
20 225 0.0927193 -2.47631
20 230 0.0754664 -1.59196
20 235 0.164406 -4.64785
20 240 -0.216827 9.98387
20 245 0.508968 11.1688
20 250 -5.59402 1689.5
20 255 0.313797 -3.37465
25 5 -2.36586e+07 -1.09551e+09
25 10 0.401911 -0.313367
25 15 0.0517888 0.870006
25 20 0.08723 1.89562
25 25 0.0806839 1.82871
25 30 0.0893363 2.28289
25 35 0.0850912 2.20881
25 40 0.0850754 2.21703
25 45 0.0845335 2.21863
25 50 0.0850749 2.21056
25 55 0.0852139 2.20806
25 60 0.0862726 2.20495
25 65 0.0867696 2.20145
25 70 0.0880215 2.19783
25 75 0.0886955 2.19407
25 80 0.0900739 2.19007
25 85 0.0908634 2.18585
25 90 0.0923509 2.18138
25 95 0.0932477 2.17666
25 100 0.0948477 2.17167
25 105 0.0958592 2.16639
25 110 -1.09613 -1.91708
25 115 -1.12518 -4.73116
25 120 -3.20672 -0.865639
25 125 -3.81373 -0.0588472
25 130 -3.83938 0.0111928
25 135 -3.56285 0.397408
25 140 -2.54978 1.86309
25 145 -17.5994 -21.3042
25 150 -0.416629 2.10644
25 155 0.095375 -2.16959
25 160 0.0937511 -2.1747
25 165 0.0928322 -2.17952
25 170 0.0913229 -2.18409
25 175 0.090512 -2.18841
25 180 0.0891114 -2.1925
25 185 0.0884129 -2.19638
25 190 0.0871317 -2.20003
25 195 0.0865874 -2.20345
25 200 0.085491 -2.20713
25 205 0.085239 -2.20957
25 210 0.0844595 -2.21116
25 215 0.0847398 -2.20761
25 220 0.084939 -2.22229
25 225 0.0927193 -2.47631
25 230 0.0754664 -1.59196
25 235 0.164406 -4.64785
25 240 -0.216827 9.98387
25 245 0.508968 11.1688
25 250 -5.59402 1689.5
25 255 0.313797 -3.37465
30 5 -2.36586e+07 -1.09551e+09
30 10 0.401911 -0.313367
30 15 0.0517888 0.870006
30 20 0.08723 1.89562
30 25 0.0806839 1.82871
30 30 0.0893363 2.28289
30 35 0.0850912 2.20881
30 40 0.0850754 2.21703
30 45 0.0845335 2.21863
30 50 0.0850749 2.21056
30 55 0.0852139 2.20806
30 60 0.0862726 2.20495
30 65 0.0867696 2.20145
30 70 0.0880215 2.19783
30 75 0.0886955 2.19407
30 80 0.0900739 2.19007
30 85 0.0908634 2.18585
30 90 0.0923509 2.18138
30 95 0.0932477 2.17666
30 100 0.0948477 2.17167
30 105 0.0958592 2.16639
30 110 -1.09613 -1.91708
30 115 -1.12518 -4.73116
30 120 -3.20672 -0.865639
30 125 -3.81373 -0.0588472
30 130 -3.83938 0.0111928
30 135 -3.56285 0.397408
30 140 -2.54978 1.86309
30 145 -17.5994 -21.3042
30 150 -0.416629 2.10644
30 155 0.095375 -2.16959
30 160 0.0937511 -2.1747
30 165 0.0928322 -2.17952
30 170 0.0913229 -2.18409
30 175 0.090512 -2.18841
30 180 0.0891114 -2.1925
30 185 0.0884129 -2.19638
30 190 0.0871317 -2.20003
30 195 0.0865874 -2.20345
30 200 0.085491 -2.20713
30 205 0.085239 -2.20957
30 210 0.0844595 -2.21116
30 215 0.0847398 -2.20761
30 220 0.084939 -2.22229
30 225 0.0927193 -2.47631
30 230 0.0754664 -1.59196
30 235 0.164406 -4.64785
30 240 -0.216827 9.98387
30 245 0.508968 11.1688
30 250 -5.59402 1689.5
30 255 0.313797 -3.37465
35 5 -2.36586e+07 -1.09551e+09
35 10 0.401911 -0.313367
35 15 0.0517888 0.870006
35 20 0.08723 1.89562
35 25 0.0806839 1.82871
35 30 0.0893363 2.28289
35 35 0.0850912 2.20881
35 40 0.0850754 2.21703
35 45 0.0845335 2.21863
35 50 0.0850749 2.21056
35 55 0.0852139 2.20806
35 60 0.0862726 2.20495
35 65 0.0867696 2.20145
35 70 0.0880215 2.19783
35 75 0.0886955 2.19407
35 80 0.0900739 2.19007
35 85 0.0908634 2.18585
35 90 0.0923509 2.18138
35 95 0.0932477 2.17666
35 100 0.0948477 2.17167
35 105 0.0958592 2.16639
35 110 -1.09613 -1.91708
35 115 -1.12518 -4.73116
35 120 -3.20672 -0.865639
35 125 -3.81373 -0.0588472
35 130 -3.83938 0.0111928
35 135 -3.56285 0.397408
35 140 -2.54978 1.86309
35 145 -17.5994 -21.3042
35 150 -0.416629 2.10644
35 155 0.095375 -2.16959
35 160 0.0937511 -2.1747
35 165 0.0928322 -2.17952
35 170 0.0913229 -2.18409
35 175 0.090512 -2.18841
35 180 0.0891114 -2.1925
35 185 0.0884129 -2.19638
35 190 0.0871317 -2.20003
35 195 0.0865874 -2.20345
35 200 0.085491 -2.20713
35 205 0.085239 -2.20957
35 210 0.0844595 -2.21116
35 215 0.0847398 -2.20761
35 220 0.084939 -2.22229
35 225 0.0927193 -2.47631
35 230 0.0754664 -1.59196
35 235 0.164406 -4.64785
35 240 -0.216827 9.98387
35 245 0.508968 11.1688
35 250 -5.59402 1689.5
35 255 0.313797 -3.37465
40 5 -2.36586e+07 -1.09551e+09
40 10 0.401911 -0.313367
40 15 0.0517888 0.870006
40 20 0.08723 1.89562
40 25 0.0806839 1.82871
40 30 0.0893363 2.28289
40 35 0.0850912 2.20881
40 40 0.0850754 2.21703
40 45 0.0845335 2.21863
40 50 0.0850749 2.21056
40 55 0.0852139 2.20806
40 60 0.0862726 2.20495
40 65 0.0867696 2.20145
40 70 0.0880215 2.19783
40 75 0.0886955 2.19407
40 80 0.0900739 2.19007
40 85 0.0908634 2.18585
40 90 0.0923509 2.18138
40 95 0.0932477 2.17666
40 100 0.0948477 2.17167
40 105 0.0958592 2.16639
40 110 -1.09613 -1.91708
40 115 -1.12518 -4.73116
40 120 -3.20672 -0.865639
40 125 -3.81373 -0.0588472
40 130 -3.83938 0.0111928
40 135 -3.56285 0.397408
40 140 -2.54978 1.86309
40 145 -17.5994 -21.3042
40 150 -0.416629 2.10644
40 155 0.095375 -2.16959
40 160 0.0937511 -2.1747
40 165 0.0928322 -2.17952
40 170 0.0913229 -2.18409
40 175 0.090512 -2.18841
40 180 0.0891114 -2.1925
40 185 0.0884129 -2.19638
40 190 0.0871317 -2.20003
40 195 0.0865874 -2.20345
40 200 0.085491 -2.20713
40 205 0.085239 -2.20957
40 210 0.0844595 -2.21116
40 215 0.0847398 -2.20761
40 220 0.084939 -2.22229
40 225 0.0927193 -2.47631
40 230 0.0754664 -1.59196
40 235 0.164406 -4.64785
40 240 -0.216827 9.98387
40 245 0.508968 11.1688
40 250 -5.59402 1689.5
40 255 0.313797 -3.37465
45 5 -2.36586e+07 -1.09551e+09
45 10 0.401911 -0.313367
45 15 0.0517888 0.870006
45 20 0.08723 1.89562
45 25 0.0806839 1.82871
45 30 0.0893363 2.28289
45 35 0.0850912 2.20881
45 40 0.0850754 2.21703
45 45 0.0845335 2.21863
45 50 0.0850749 2.21056
45 55 0.0852139 2.20806
45 60 0.0862726 2.20495
45 65 0.0867696 2.20145
45 70 0.0880215 2.19783
45 75 0.0886955 2.19407
45 80 0.0900739 2.19007
45 85 0.0908634 2.18585
45 90 0.0923509 2.18138
45 95 0.0932477 2.17666
45 100 0.0948477 2.17167
45 105 0.0958592 2.16639
45 110 -1.09613 -1.91708
45 115 -1.12518 -4.73116
45 120 -3.20672 -0.865639
45 125 -3.81373 -0.0588472
45 130 -3.83938 0.0111928
45 135 -3.56285 0.397408
45 140 -2.54978 1.86309
45 145 -17.5994 -21.3042
45 150 -0.416629 2.10644
45 155 0.095375 -2.16959
45 160 0.0937511 -2.1747
45 165 0.0928322 -2.17952
45 170 0.0913229 -2.18409
45 175 0.090512 -2.18841
45 180 0.0891114 -2.1925
45 185 0.0884129 -2.19638
45 190 0.0871317 -2.20003
45 195 0.0865874 -2.20345
45 200 0.085491 -2.20713
45 205 0.085239 -2.20957
45 210 0.0844595 -2.21116
45 215 0.0847398 -2.20761
45 220 0.084939 -2.22229
45 225 0.0927193 -2.47631
45 230 0.0754664 -1.59196
45 235 0.164406 -4.64785
45 240 -0.216827 9.98387
45 245 0.508968 11.1688
45 250 -5.59402 1689.5
45 255 0.313797 -3.37465
50 5 -2.36586e+07 -1.09551e+09
50 10 0.401911 -0.313367
50 15 0.0517888 0.870006
50 20 0.08723 1.89562
50 25 0.0806839 1.82871
50 30 0.0893363 2.28289
50 35 0.0850912 2.20881
50 40 0.0850754 2.21703
50 45 0.0845335 2.21863
50 50 0.0850749 2.21056
50 55 0.0852139 2.20806
50 60 0.0862726 2.20495
50 65 0.0867696 2.20145
50 70 0.0880215 2.19783
50 75 0.0886955 2.19407
50 80 0.0900739 2.19007
50 85 0.0908634 2.18585
50 90 0.0923509 2.18138
50 95 0.0932477 2.17666
50 100 0.0948477 2.17167
50 105 0.0958592 2.16639
50 110 -1.09613 -1.91708
50 115 -1.12518 -4.73116
50 120 -3.20672 -0.865639
50 125 -3.81373 -0.0588472
50 130 -3.83938 0.0111928
50 135 -3.56285 0.397408
50 140 -2.54978 1.86309
50 145 -17.5994 -21.3042
50 150 -0.416629 2.10644
50 155 0.095375 -2.16959
50 160 0.0937511 -2.1747
50 165 0.0928322 -2.17952
50 170 0.0913229 -2.18409
50 175 0.090512 -2.18841
50 180 0.0891114 -2.1925
50 185 0.0884129 -2.19638
50 190 0.0871317 -2.20003
50 195 0.0865874 -2.20345
50 200 0.085491 -2.20713
50 205 0.085239 -2.20957
50 210 0.0844595 -2.21116
50 215 0.0847398 -2.20761
50 220 0.084939 -2.22229
50 225 0.0927193 -2.47631
50 230 0.0754664 -1.59196
50 235 0.164406 -4.64785
50 240 -0.216827 9.98387
50 245 0.508968 11.1688
50 250 -5.59402 1689.5
50 255 0.313797 -3.37465
55 5 -2.36586e+07 -1.09551e+09
55 10 0.401911 -0.313367
55 15 0.0517888 0.870006
55 20 0.08723 1.89562
55 25 0.0806839 1.82871
55 30 0.0893363 2.28289
55 35 0.0850912 2.20881
55 40 0.0850754 2.21703
55 45 0.0845335 2.21863
55 50 0.0850749 2.21056
55 55 0.0852139 2.20806
55 60 0.0862726 2.20495
55 65 0.0867696 2.20145
55 70 0.0880215 2.19783
55 75 0.0886955 2.19407
55 80 0.0900739 2.19007
55 85 0.0908634 2.18585
55 90 0.0923509 2.18138
55 95 0.0932477 2.17666
55 100 0.0948477 2.17167
55 105 0.0958592 2.16639
55 110 -1.09613 -1.91708
55 115 -1.12518 -4.73116
55 120 -3.20672 -0.865639
55 125 -3.81373 -0.0588472
55 130 -3.83938 0.0111928
55 135 -3.56285 0.397408
55 140 -2.54978 1.86309
55 145 -17.5994 -21.3042
55 150 -0.416629 2.10644
55 155 0.095375 -2.16959
55 160 0.0937511 -2.1747
55 165 0.0928322 -2.17952
55 170 0.0913229 -2.18409
55 175 0.090512 -2.18841
55 180 0.0891114 -2.1925
55 185 0.0884129 -2.19638
55 190 0.0871317 -2.20003
55 195 0.0865874 -2.20345
55 200 0.085491 -2.20713
55 205 0.085239 -2.20957
55 210 0.0844595 -2.21116
55 215 0.0847398 -2.20761
55 220 0.084939 -2.22229
55 225 0.0927193 -2.47631
55 230 0.0754664 -1.59196
55 235 0.164406 -4.64785
55 240 -0.216827 9.98387
55 245 0.508968 11.1688
55 250 -5.59402 1689.5
55 255 0.313797 -3.37465
60 5 -2.36586e+07 -1.09551e+09
60 10 0.401911 -0.313367
60 15 0.0517888 0.870006
60 20 0.08723 1.89562
60 25 0.0806839 1.82871
60 30 0.0893363 2.28289
60 35 0.0850912 2.20881
60 40 0.0850754 2.21703
60 45 0.0845335 2.21863
60 50 0.0850749 2.21056
60 55 0.0852139 2.20806
60 60 0.0862726 2.20495
60 65 0.0867696 2.20145
60 70 0.0880215 2.19783
60 75 0.0886955 2.19407
60 80 0.0900739 2.19007
60 85 0.0908634 2.18585
60 90 0.0923509 2.18138
60 95 0.0932477 2.17666
60 100 0.0948477 2.17167
60 105 0.0958592 2.16639
60 110 -1.09613 -1.91708
60 115 -1.12518 -4.73116
60 120 -3.20672 -0.865639
60 125 -3.81373 -0.0588472
60 130 -3.83938 0.0111928
60 135 -3.56285 0.397408
60 140 -2.54978 1.86309
60 145 -17.5994 -21.3042
60 150 -0.416629 2.10644
60 155 0.095375 -2.16959
60 160 0.0937511 -2.1747
60 165 0.0928322 -2.17952
60 170 0.0913229 -2.18409
60 175 0.090512 -2.18841
60 180 0.0891114 -2.1925
60 185 0.0884129 -2.19638
60 190 0.0871317 -2.20003
60 195 0.0865874 -2.20345
60 200 0.085491 -2.20713
60 205 0.085239 -2.20957
60 210 0.0844595 -2.21116
60 215 0.0847398 -2.20761
60 220 0.084939 -2.22229
60 225 0.0927193 -2.47631
60 230 0.0754664 -1.59196
60 235 0.164406 -4.64785
60 240 -0.216827 9.98387
60 245 0.508968 11.1688
60 250 -5.59402 1689.5
60 255 0.313797 -3.37465
65 5 -2.36586e+07 -1.09551e+09
65 10 0.401911 -0.313367
65 15 0.0517888 0.870006
65 20 0.08723 1.89562
65 25 0.0806839 1.82871
65 30 0.0893363 2.28289
65 35 0.0850912 2.20881
65 40 0.0850754 2.21703
65 45 0.0845335 2.21863
65 50 0.0850749 2.21056
65 55 0.0852139 2.20806
65 60 0.0862726 2.20495
65 65 0.0867696 2.20145
65 70 0.0880215 2.19783
65 75 0.0886955 2.19407
65 80 0.0900739 2.19007
65 85 0.0908634 2.18585
65 90 0.0923509 2.18138
65 95 0.0932477 2.17666
65 100 0.0948477 2.17167
65 105 0.0958592 2.16639
65 110 -1.09613 -1.91708
65 115 -1.12518 -4.73116
65 120 -3.20672 -0.865639
65 125 -3.81373 -0.0588472
65 130 -3.83938 0.0111928
65 135 -3.56285 0.397408
65 140 -2.54978 1.86309
65 145 -17.5994 -21.3042
65 150 -0.416629 2.10644
65 155 0.095375 -2.16959
65 160 0.0937511 -2.1747
65 165 0.0928322 -2.17952
65 170 0.0913229 -2.18409
65 175 0.090512 -2.18841
65 180 0.0891114 -2.1925
65 185 0.0884129 -2.19638
65 190 0.0871317 -2.20003
65 195 0.0865874 -2.20345
65 200 0.085491 -2.20713
65 205 0.085239 -2.20957
65 210 0.0844595 -2.21116
65 215 0.0847398 -2.20761
65 220 0.084939 -2.22229
65 225 0.0927193 -2.47631
65 230 0.0754664 -1.59196
65 235 0.164406 -4.64785
65 240 -0.216827 9.98387
65 245 0.508968 11.1688
65 250 -5.59402 1689.5
65 255 0.313797 -3.37465
70 5 -2.36586e+07 -1.09551e+09
70 10 0.401911 -0.313367
70 15 0.0517888 0.870006
70 20 0.08723 1.89562
70 25 0.0806839 1.82871
70 30 0.0893363 2.28289
70 35 0.0850912 2.20881
70 40 0.0850754 2.21703
70 45 0.0845335 2.21863
70 50 0.0850749 2.21056
70 55 0.0852139 2.20806
70 60 0.0862726 2.20495
70 65 0.0867696 2.20145
70 70 0.0880215 2.19783
70 75 0.0886955 2.19407
70 80 0.0900739 2.19007
70 85 0.0908634 2.18585
70 90 0.0923509 2.18138
70 95 0.0932477 2.17666
70 100 0.0948477 2.17167
70 105 0.0958592 2.16639
70 110 -1.09613 -1.91708
70 115 -1.12518 -4.73116
70 120 -3.20672 -0.865639
70 125 -3.81373 -0.0588472
70 130 -3.83938 0.0111928
70 135 -3.56285 0.397408
70 140 -2.54978 1.86309
70 145 -17.5994 -21.3042
70 150 -0.416629 2.10644
70 155 0.095375 -2.16959
70 160 0.0937511 -2.1747
70 165 0.0928322 -2.17952
70 170 0.0913229 -2.18409
70 175 0.090512 -2.18841
70 180 0.0891114 -2.1925
70 185 0.0884129 -2.19638
70 190 0.0871317 -2.20003
70 195 0.0865874 -2.20345
70 200 0.085491 -2.20713
70 205 0.085239 -2.20957
70 210 0.0844595 -2.21116
70 215 0.0847398 -2.20761
70 220 0.084939 -2.22229
70 225 0.0927193 -2.47631
70 230 0.0754664 -1.59196
70 235 0.164406 -4.64785
70 240 -0.216827 9.98387
70 245 0.508968 11.1688
70 250 -5.59402 1689.5
70 255 0.313797 -3.37465
75 5 -2.36586e+07 -1.09551e+09
75 10 0.401911 -0.313367
75 15 0.0517888 0.870006
75 20 0.08723 1.89562
75 25 0.0806839 1.82871
75 30 0.0893363 2.28289
75 35 0.0850912 2.20881
75 40 0.0850754 2.21703
75 45 0.0845335 2.21863
75 50 0.0850749 2.21056
75 55 0.0852139 2.20806
75 60 0.0862726 2.20495
75 65 0.0867696 2.20145
75 70 0.0880215 2.19783
75 75 0.0886955 2.19407
75 80 0.0900739 2.19007
75 85 0.0908634 2.18585
75 90 0.0923509 2.18138
75 95 0.0932477 2.17666
75 100 0.0948477 2.17167
75 105 0.0958592 2.16639
75 110 -1.09613 -1.91708
75 115 -1.12518 -4.73116
75 120 -3.20672 -0.865639
75 125 -3.81373 -0.0588472
75 130 -3.83938 0.0111928
75 135 -3.56285 0.397408
75 140 -2.54978 1.86309
75 145 -17.5994 -21.3042
75 150 -0.416629 2.10644
75 155 0.095375 -2.16959
75 160 0.0937511 -2.1747
75 165 0.0928322 -2.17952
75 170 0.0913229 -2.18409
75 175 0.090512 -2.18841
75 180 0.0891114 -2.1925
75 185 0.0884129 -2.19638
75 190 0.0871317 -2.20003
75 195 0.0865874 -2.20345
75 200 0.085491 -2.20713
75 205 0.085239 -2.20957
75 210 0.0844595 -2.21116
75 215 0.0847398 -2.20761
75 220 0.084939 -2.22229
75 225 0.0927193 -2.47631
75 230 0.0754664 -1.59196
75 235 0.164406 -4.64785
75 240 -0.216827 9.98387
75 245 0.508968 11.1688
75 250 -5.59402 1689.5
75 255 0.313797 -3.37465
80 5 -2.36586e+07 -1.09551e+09
80 10 0.401911 -0.313367
80 15 0.0517888 0.870006
80 20 0.08723 1.89562
80 25 0.0806839 1.82871
80 30 0.0893363 2.28289
80 35 0.0850912 2.20881
80 40 0.0850754 2.21703
80 45 0.0845335 2.21863
80 50 0.0850749 2.21056
80 55 0.0852139 2.20806
80 60 0.0862726 2.20495
80 65 0.0867696 2.20145
80 70 0.0880215 2.19783
80 75 0.0886955 2.19407
80 80 0.0900739 2.19007
80 85 0.0908634 2.18585
80 90 0.0923509 2.18138
80 95 0.0932477 2.17666
80 100 0.0948477 2.17167
80 105 0.0958592 2.16639
80 110 -1.09613 -1.91708
80 115 -1.12518 -4.73116
80 120 -3.20672 -0.865639
80 125 -3.81373 -0.0588472
80 130 -3.83938 0.0111928
80 135 -3.56285 0.397408
80 140 -2.54978 1.86309
80 145 -17.5994 -21.3042
80 150 -0.416629 2.10644
80 155 0.095375 -2.16959
80 160 0.0937511 -2.1747
80 165 0.0928322 -2.17952
80 170 0.0913229 -2.18409
80 175 0.090512 -2.18841
80 180 0.0891114 -2.1925
80 185 0.0884129 -2.19638
80 190 0.0871317 -2.20003
80 195 0.0865874 -2.20345
80 200 0.085491 -2.20713
80 205 0.085239 -2.20957
80 210 0.0844595 -2.21116
80 215 0.0847398 -2.20761
80 220 0.084939 -2.22229
80 225 0.0927193 -2.47631
80 230 0.0754664 -1.59196
80 235 0.164406 -4.64785
80 240 -0.216827 9.98387
80 245 0.508968 11.1688
80 250 -5.59402 1689.5
80 255 0.313797 -3.37465
85 5 -2.36586e+07 -1.09551e+09
85 10 0.401911 -0.313367
85 15 0.0517888 0.870006
85 20 0.08723 1.89562
85 25 0.0806839 1.82871
85 30 0.0893363 2.28289
85 35 0.0850912 2.20881
85 40 0.0850754 2.21703
85 45 0.0845335 2.21863
85 50 0.0850749 2.21056
85 55 0.0852139 2.20806
85 60 0.0862726 2.20495
85 65 0.0867696 2.20145
85 70 0.0880215 2.19783
85 75 0.0886955 2.19407
85 80 0.0900739 2.19007
85 85 0.0908634 2.18585
85 90 0.0923509 2.18138
85 95 0.0932477 2.17666
85 100 0.0948477 2.17167
85 105 0.0958592 2.16639
85 110 -1.09613 -1.91708
85 115 -1.12518 -4.73116
85 120 -3.20672 -0.865639
85 125 -3.81373 -0.0588472
85 130 -3.83938 0.0111928
85 135 -3.56285 0.397408
85 140 -2.54978 1.86309
85 145 -17.5994 -21.3042
85 150 -0.416629 2.10644
85 155 0.095375 -2.16959
85 160 0.0937511 -2.1747
85 165 0.0928322 -2.17952
85 170 0.0913229 -2.18409
85 175 0.090512 -2.18841
85 180 0.0891114 -2.1925
85 185 0.0884129 -2.19638
85 190 0.0871317 -2.20003
85 195 0.0865874 -2.20345
85 200 0.085491 -2.20713
85 205 0.085239 -2.20957
85 210 0.0844595 -2.21116
85 215 0.0847398 -2.20761
85 220 0.084939 -2.22229
85 225 0.0927193 -2.47631
85 230 0.0754664 -1.59196
85 235 0.164406 -4.64785
85 240 -0.216827 9.98387
85 245 0.508968 11.1688
85 250 -5.59402 1689.5
85 255 0.313797 -3.37465
90 5 -2.36586e+07 -1.09551e+09
90 10 0.401911 -0.313367
90 15 0.0517888 0.870006
90 20 0.08723 1.89562
90 25 0.0806839 1.82871
90 30 0.0893363 2.28289
90 35 0.0850912 2.20881
90 40 0.0850754 2.21703
90 45 0.0845335 2.21863
90 50 0.0850749 2.21056
90 55 0.0852139 2.20806
90 60 0.0862726 2.20495
90 65 0.0867696 2.20145
90 70 0.0880215 2.19783
90 75 0.0886955 2.19407
90 80 0.0900739 2.19007
90 85 0.0908634 2.18585
90 90 0.0923509 2.18138
90 95 0.0932477 2.17666
90 100 0.0948477 2.17167
90 105 0.0958592 2.16639
90 110 -1.09613 -1.91708
90 115 -1.12518 -4.73116
90 120 -3.20672 -0.865639
90 125 -3.81373 -0.0588472
90 130 -3.83938 0.0111928
90 135 -3.56285 0.397408
90 140 -2.54978 1.86309
90 145 -17.5994 -21.3042
90 150 -0.416629 2.10644
90 155 0.095375 -2.16959
90 160 0.0937511 -2.1747
90 165 0.0928322 -2.17952
90 170 0.0913229 -2.18409
90 175 0.090512 -2.18841
90 180 0.0891114 -2.1925
90 185 0.0884129 -2.19638
90 190 0.0871317 -2.20003
90 195 0.0865874 -2.20345
90 200 0.085491 -2.20713
90 205 0.085239 -2.20957
90 210 0.0844595 -2.21116
90 215 0.0847398 -2.20761
90 220 0.084939 -2.22229
90 225 0.0927193 -2.47631
90 230 0.0754664 -1.59196
90 235 0.164406 -4.64785
90 240 -0.216827 9.98387
90 245 0.508968 11.1688
90 250 -5.59402 1689.5
90 255 0.313797 -3.37465
95 5 -2.36586e+07 -1.09551e+09
95 10 0.401911 -0.313367
95 15 0.0517888 0.870006
95 20 0.08723 1.89562
95 25 0.0806839 1.82871
95 30 0.0893363 2.28289
95 35 0.0850912 2.20881
95 40 0.0850754 2.21703
95 45 0.0845335 2.21863
95 50 0.0850749 2.21056
95 55 0.0852139 2.20806
95 60 0.0862726 2.20495
95 65 0.0867696 2.20145
95 70 0.0880215 2.19783
95 75 0.0886955 2.19407
95 80 0.0900739 2.19007
95 85 0.0908634 2.18585
95 90 0.0923509 2.18138
95 95 0.0932477 2.17666
95 100 0.0948477 2.17167
95 105 0.0958592 2.16639
95 110 -1.09613 -1.91708
95 115 -1.12518 -4.73116
95 120 -3.20672 -0.865639
95 125 -3.81373 -0.0588472
95 130 -3.83938 0.0111928
95 135 -3.56285 0.397408
95 140 -2.54978 1.86309
95 145 -17.5994 -21.3042
95 150 -0.416629 2.10644
95 155 0.095375 -2.16959
95 160 0.0937511 -2.1747
95 165 0.0928322 -2.17952
95 170 0.0913229 -2.18409
95 175 0.090512 -2.18841
95 180 0.0891114 -2.1925
95 185 0.0884129 -2.19638
95 190 0.0871317 -2.20003
95 195 0.0865874 -2.20345
95 200 0.085491 -2.20713
95 205 0.085239 -2.20957
95 210 0.0844595 -2.21116
95 215 0.0847398 -2.20761
95 220 0.084939 -2.22229
95 225 0.0927193 -2.47631
95 230 0.0754664 -1.59196
95 235 0.164406 -4.64785
95 240 -0.216827 9.98387
95 245 0.508968 11.1688
95 250 -5.59402 1689.5
95 255 0.313797 -3.37465
100 5 -2.36586e+07 -1.09551e+09
100 10 0.401911 -0.313367
100 15 0.0517888 0.870006
100 20 0.08723 1.89562
100 25 0.0806839 1.82871
100 30 0.0893363 2.28289
100 35 0.0850912 2.20881
100 40 0.0850754 2.21703
100 45 0.0845335 2.21863
100 50 0.0850749 2.21056
100 55 0.0852139 2.20806
100 60 0.0862726 2.20495
100 65 0.0867696 2.20145
100 70 0.0880215 2.19783
100 75 0.0886955 2.19407
100 80 0.0900739 2.19007
100 85 0.0908634 2.18585
100 90 0.0923509 2.18138
100 95 0.0932477 2.17666
100 100 0.0948477 2.17167
100 105 0.0958592 2.16639
100 110 -1.09613 -1.91708
100 115 -1.12518 -4.73116
100 120 -3.20672 -0.865639
100 125 -3.81373 -0.0588472
100 130 -3.83938 0.0111928
100 135 -3.56285 0.397408
100 140 -2.54978 1.86309
100 145 -17.5994 -21.3042
100 150 -0.416629 2.10644
100 155 0.095375 -2.16959
100 160 0.0937511 -2.1747
100 165 0.0928322 -2.17952
100 170 0.0913229 -2.18409
100 175 0.090512 -2.18841
100 180 0.0891114 -2.1925
100 185 0.0884129 -2.19638
100 190 0.0871317 -2.20003
100 195 0.0865874 -2.20345
100 200 0.085491 -2.20713
100 205 0.085239 -2.20957
100 210 0.0844595 -2.21116
100 215 0.0847398 -2.20761
100 220 0.084939 -2.22229
100 225 0.0927193 -2.47631
100 230 0.0754664 -1.59196
100 235 0.164406 -4.64785
100 240 -0.216827 9.98387
100 245 0.508968 11.1688
100 250 -5.59402 1689.5
100 255 0.313797 -3.37465
105 5 -2.36586e+07 -1.09551e+09
105 10 0.401911 -0.313367
105 15 0.0517888 0.870006
105 20 0.08723 1.89562
105 25 0.0806839 1.82871
105 30 0.0893363 2.28289
105 35 0.0850912 2.20881
105 40 0.0850754 2.21703
105 45 0.0845335 2.21863
105 50 0.0850749 2.21056
105 55 0.0852139 2.20806
105 60 0.0862726 2.20495
105 65 0.0867696 2.20145
105 70 0.0880215 2.19783
105 75 0.0886955 2.19407
105 80 0.0900739 2.19007
105 85 0.0908634 2.18585
105 90 0.0923509 2.18138
105 95 0.0932477 2.17666
105 100 0.0948477 2.17167
105 105 0.0958592 2.16639
105 110 -1.09613 -1.91708
105 115 -1.12518 -4.73116
105 120 -3.20672 -0.865639
105 125 -3.81373 -0.0588472
105 130 -3.83938 0.0111928
105 135 -3.56285 0.397408
105 140 -2.54978 1.86309
105 145 -17.5994 -21.3042
105 150 -0.416629 2.10644
105 155 0.095375 -2.16959
105 160 0.0937511 -2.1747
105 165 0.0928322 -2.17952
105 170 0.0913229 -2.18409
105 175 0.090512 -2.18841
105 180 0.0891114 -2.1925
105 185 0.0884129 -2.19638
105 190 0.0871317 -2.20003
105 195 0.0865874 -2.20345
105 200 0.085491 -2.20713
105 205 0.085239 -2.20957
105 210 0.0844595 -2.21116
105 215 0.0847398 -2.20761
105 220 0.084939 -2.22229
105 225 0.0927193 -2.47631
105 230 0.0754664 -1.59196
105 235 0.164406 -4.64785
105 240 -0.216827 9.98387
105 245 0.508968 11.1688
105 250 -5.59402 1689.5
105 255 0.313797 -3.37465
110 5 -2.36586e+07 -1.09551e+09
110 10 0.401911 -0.313367
110 15 0.0517888 0.870006
110 20 0.08723 1.89562
110 25 0.0806839 1.82871
110 30 0.0893363 2.28289
110 35 0.0850912 2.20881
110 40 0.0850754 2.21703
110 45 0.0845335 2.21863
110 50 0.0850749 2.21056
110 55 0.0852139 2.20806
110 60 0.0862726 2.20495
110 65 0.0867696 2.20145
110 70 0.0880215 2.19783
110 75 0.0886955 2.19407
110 80 0.0900739 2.19007
110 85 0.0908634 2.18585
110 90 0.0923509 2.18138
110 95 0.0932477 2.17666
110 100 0.0948477 2.17167
110 105 0.0958592 2.16639
110 110 -1.09613 -1.91708
110 115 -1.12518 -4.73116
110 120 -3.20672 -0.865639
110 125 -3.81373 -0.0588472
110 130 -3.83938 0.0111928
110 135 -3.56285 0.397408
110 140 -2.54978 1.86309
110 145 -17.5994 -21.3042
110 150 -0.416629 2.10644
110 155 0.095375 -2.16959
110 160 0.0937511 -2.1747
110 165 0.0928322 -2.17952
110 170 0.0913229 -2.18409
110 175 0.090512 -2.18841
110 180 0.0891114 -2.1925
110 185 0.0884129 -2.19638
110 190 0.0871317 -2.20003
110 195 0.0865874 -2.20345
110 200 0.085491 -2.20713
110 205 0.085239 -2.20957
110 210 0.0844595 -2.21116
110 215 0.0847398 -2.20761
110 220 0.084939 -2.22229
110 225 0.0927193 -2.47631
110 230 0.0754664 -1.59196
110 235 0.164406 -4.64785
110 240 -0.216827 9.98387
110 245 0.508968 11.1688
110 250 -5.59402 1689.5
110 255 0.313797 -3.37465
115 5 -2.36586e+07 -1.09551e+09
115 10 0.401911 -0.313367
115 15 0.0517888 0.870006
115 20 0.08723 1.89562
115 25 0.0806839 1.82871
115 30 0.0893363 2.28289
115 35 0.0850912 2.20881
115 40 0.0850754 2.21703
115 45 0.0845335 2.21863
115 50 0.0850749 2.21056
115 55 0.0852139 2.20806
115 60 0.0862726 2.20495
115 65 0.0867696 2.20145
115 70 0.0880215 2.19783
115 75 0.0886955 2.19407
115 80 0.0900739 2.19007
115 85 0.0908634 2.18585
115 90 0.0923509 2.18138
115 95 0.0932477 2.17666
115 100 0.0948477 2.17167
115 105 0.0958592 2.16639
115 110 -1.09613 -1.91708
115 115 -1.12518 -4.73116
115 120 -3.20672 -0.865639
115 125 -3.81373 -0.0588472
115 130 -3.83938 0.0111928
115 135 -3.56285 0.397408
115 140 -2.54978 1.86309
115 145 -17.5994 -21.3042
115 150 -0.416629 2.10644
115 155 0.095375 -2.16959
115 160 0.0937511 -2.1747
115 165 0.0928322 -2.17952
115 170 0.0913229 -2.18409
115 175 0.090512 -2.18841
115 180 0.0891114 -2.1925
115 185 0.0884129 -2.19638
115 190 0.0871317 -2.20003
115 195 0.0865874 -2.20345
115 200 0.085491 -2.20713
115 205 0.085239 -2.20957
115 210 0.0844595 -2.21116
115 215 0.0847398 -2.20761
115 220 0.084939 -2.22229
115 225 0.0927193 -2.47631
115 230 0.0754664 -1.59196
115 235 0.164406 -4.64785
115 240 -0.216827 9.98387
115 245 0.508968 11.1688
115 250 -5.59402 1689.5
115 255 0.313797 -3.37465
120 5 -2.36586e+07 -1.09551e+09
120 10 0.401911 -0.313367
120 15 0.0517888 0.870006
120 20 0.08723 1.89562
120 25 0.0806839 1.82871
120 30 0.0893363 2.28289
120 35 0.0850912 2.20881
120 40 0.0850754 2.21703
120 45 0.0845335 2.21863
120 50 0.0850749 2.21056
120 55 0.0852139 2.20806
120 60 0.0862726 2.20495
120 65 0.0867696 2.20145
120 70 0.0880215 2.19783
120 75 0.0886955 2.19407
120 80 0.0900739 2.19007
120 85 0.0908634 2.18585
120 90 0.0923509 2.18138
120 95 0.0932477 2.17666
120 100 0.0948477 2.17167
120 105 0.0958592 2.16639
120 110 -1.09613 -1.91708
120 115 -1.12518 -4.73116
120 120 -3.20672 -0.865639
120 125 -3.81373 -0.0588472
120 130 -3.83938 0.0111928
120 135 -3.56285 0.397408
120 140 -2.54978 1.86309
120 145 -17.5994 -21.3042
120 150 -0.416629 2.10644
120 155 0.095375 -2.16959
120 160 0.0937511 -2.1747
120 165 0.0928322 -2.17952
120 170 0.0913229 -2.18409
120 175 0.090512 -2.18841
120 180 0.0891114 -2.1925
120 185 0.0884129 -2.19638
120 190 0.0871317 -2.20003
120 195 0.0865874 -2.20345
120 200 0.085491 -2.20713
120 205 0.085239 -2.20957
120 210 0.0844595 -2.21116
120 215 0.0847398 -2.20761
120 220 0.084939 -2.22229
120 225 0.0927193 -2.47631
120 230 0.0754664 -1.59196
120 235 0.164406 -4.64785
120 240 -0.216827 9.98387
120 245 0.508968 11.1688
120 250 -5.59402 1689.5
120 255 0.313797 -3.37465
125 5 -2.36586e+07 -1.09551e+09
125 10 0.401911 -0.313367
125 15 0.0517888 0.870006
125 20 0.08723 1.89562
125 25 0.0806839 1.82871
125 30 0.0893363 2.28289
125 35 0.0850912 2.20881
125 40 0.0850754 2.21703
125 45 0.0845335 2.21863
125 50 0.0850749 2.21056
125 55 0.0852139 2.20806
125 60 0.0862726 2.20495
125 65 0.0867696 2.20145
125 70 0.0880215 2.19783
125 75 0.0886955 2.19407
125 80 0.0900739 2.19007
125 85 0.0908634 2.18585
125 90 0.0923509 2.18138
125 95 0.0932477 2.17666
125 100 0.0948477 2.17167
125 105 0.0958592 2.16639
125 110 -1.09613 -1.91708
125 115 -1.12518 -4.73116
125 120 -3.20672 -0.865639
125 125 -3.81373 -0.0588472
125 130 -3.83938 0.0111928
125 135 -3.56285 0.397408
125 140 -2.54978 1.86309
125 145 -17.5994 -21.3042
125 150 -0.416629 2.10644
125 155 0.095375 -2.16959
125 160 0.0937511 -2.1747
125 165 0.0928322 -2.17952
125 170 0.0913229 -2.18409
125 175 0.090512 -2.18841
125 180 0.0891114 -2.1925
125 185 0.0884129 -2.19638
125 190 0.0871317 -2.20003
125 195 0.0865874 -2.20345
125 200 0.085491 -2.20713
125 205 0.085239 -2.20957
125 210 0.0844595 -2.21116
125 215 0.0847398 -2.20761
125 220 0.084939 -2.22229
125 225 0.0927193 -2.47631
125 230 0.0754664 -1.59196
125 235 0.164406 -4.64785
125 240 -0.216827 9.98387
125 245 0.508968 11.1688
125 250 -5.59402 1689.5
125 255 0.313797 -3.37465
130 5 -2.36586e+07 -1.09551e+09
130 10 0.401911 -0.313367
130 15 0.0517888 0.870006
130 20 0.08723 1.89562
130 25 0.0806839 1.82871
130 30 0.0893363 2.28289
130 35 0.0850912 2.20881
130 40 0.0850754 2.21703
130 45 0.0845335 2.21863
130 50 0.0850749 2.21056
130 55 0.0852139 2.20806
130 60 0.0862726 2.20495
130 65 0.0867696 2.20145
130 70 0.0880215 2.19783
130 75 0.0886955 2.19407
130 80 0.0900739 2.19007
130 85 0.0908634 2.18585
130 90 0.0923509 2.18138
130 95 0.0932477 2.17666
130 100 0.0948477 2.17167
130 105 0.0958592 2.16639
130 110 -1.09613 -1.91708
130 115 -1.12518 -4.73116
130 120 -3.20672 -0.865639
130 125 -3.81373 -0.0588472
130 130 -3.83938 0.0111928
130 135 -3.56285 0.397408
130 140 -2.54978 1.86309
130 145 -17.5994 -21.3042
130 150 -0.416629 2.10644
130 155 0.095375 -2.16959
130 160 0.0937511 -2.1747
130 165 0.0928322 -2.17952
130 170 0.0913229 -2.18409
130 175 0.090512 -2.18841
130 180 0.0891114 -2.1925
130 185 0.0884129 -2.19638
130 190 0.0871317 -2.20003
130 195 0.0865874 -2.20345
130 200 0.085491 -2.20713
130 205 0.085239 -2.20957
130 210 0.0844595 -2.21116
130 215 0.0847398 -2.20761
130 220 0.084939 -2.22229
130 225 0.0927193 -2.47631
130 230 0.0754664 -1.59196
130 235 0.164406 -4.64785
130 240 -0.216827 9.98387
130 245 0.508968 11.1688
130 250 -5.59402 1689.5
130 255 0.313797 -3.37465
135 5 -2.36586e+07 -1.09551e+09
135 10 0.401911 -0.313367
135 15 0.0517888 0.870006
135 20 0.08723 1.89562
135 25 0.0806839 1.82871
135 30 0.0893363 2.28289
135 35 0.0850912 2.20881
135 40 0.0850754 2.21703
135 45 0.0845335 2.21863
135 50 0.0850749 2.21056
135 55 0.0852139 2.20806
135 60 0.0862726 2.20495
135 65 0.0867696 2.20145
135 70 0.0880215 2.19783
135 75 0.0886955 2.19407
135 80 0.0900739 2.19007
135 85 0.0908634 2.18585
135 90 0.0923509 2.18138
135 95 0.0932477 2.17666
135 100 0.0948477 2.17167
135 105 0.0958592 2.16639
135 110 -1.09613 -1.91708
135 115 -1.12518 -4.73116
135 120 -3.20672 -0.865639
135 125 -3.81373 -0.0588472
135 130 -3.83938 0.0111928
135 135 -3.56285 0.397408
135 140 -2.54978 1.86309
135 145 -17.5994 -21.3042
135 150 -0.416629 2.10644
135 155 0.095375 -2.16959
135 160 0.0937511 -2.1747
135 165 0.0928322 -2.17952
135 170 0.0913229 -2.18409
135 175 0.090512 -2.18841
135 180 0.0891114 -2.1925
135 185 0.0884129 -2.19638
135 190 0.0871317 -2.20003
135 195 0.0865874 -2.20345
135 200 0.085491 -2.20713
135 205 0.085239 -2.20957
135 210 0.0844595 -2.21116
135 215 0.0847398 -2.20761
135 220 0.084939 -2.22229
135 225 0.0927193 -2.47631
135 230 0.0754664 -1.59196
135 235 0.164406 -4.64785
135 240 -0.216827 9.98387
135 245 0.508968 11.1688
135 250 -5.59402 1689.5
135 255 0.313797 -3.37465
140 5 -2.36586e+07 -1.09551e+09
140 10 0.401911 -0.313367
140 15 0.0517888 0.870006
140 20 0.08723 1.89562
140 25 0.0806839 1.82871
140 30 0.0893363 2.28289
140 35 0.0850912 2.20881
140 40 0.0850754 2.21703
140 45 0.0845335 2.21863
140 50 0.0850749 2.21056
140 55 0.0852139 2.20806
140 60 0.0862726 2.20495
140 65 0.0867696 2.20145
140 70 0.0880215 2.19783
140 75 0.0886955 2.19407
140 80 0.0900739 2.19007
140 85 0.0908634 2.18585
140 90 0.0923509 2.18138
140 95 0.0932477 2.17666
140 100 0.0948477 2.17167
140 105 0.0958592 2.16639
140 110 -1.09613 -1.91708
140 115 -1.12518 -4.73116
140 120 -3.20672 -0.865639
140 125 -3.81373 -0.0588472
140 130 -3.83938 0.0111928
140 135 -3.56285 0.397408
140 140 -2.54978 1.86309
140 145 -17.5994 -21.3042
140 150 -0.416629 2.10644
140 155 0.095375 -2.16959
140 160 0.0937511 -2.1747
140 165 0.0928322 -2.17952
140 170 0.0913229 -2.18409
140 175 0.090512 -2.18841
140 180 0.0891114 -2.1925
140 185 0.0884129 -2.19638
140 190 0.0871317 -2.20003
140 195 0.0865874 -2.20345
140 200 0.085491 -2.20713
140 205 0.085239 -2.20957
140 210 0.0844595 -2.21116
140 215 0.0847398 -2.20761
140 220 0.084939 -2.22229
140 225 0.0927193 -2.47631
140 230 0.0754664 -1.59196
140 235 0.164406 -4.64785
140 240 -0.216827 9.98387
140 245 0.508968 11.1688
140 250 -5.59402 1689.5
140 255 0.313797 -3.37465
145 5 -2.36586e+07 -1.09551e+09
145 10 0.401911 -0.313367
145 15 0.0517888 0.870006
145 20 0.08723 1.89562
145 25 0.0806839 1.82871
145 30 0.0893363 2.28289
145 35 0.0850912 2.20881
145 40 0.0850754 2.21703
145 45 0.0845335 2.21863
145 50 0.0850749 2.21056
145 55 0.0852139 2.20806
145 60 0.0862726 2.20495
145 65 0.0867696 2.20145
145 70 0.0880215 2.19783
145 75 0.0886955 2.19407
145 80 0.0900739 2.19007
145 85 0.0908634 2.18585
145 90 0.0923509 2.18138
145 95 0.0932477 2.17666
145 100 0.0948477 2.17167
145 105 0.0958592 2.16639
145 110 -1.09613 -1.91708
145 115 -1.12518 -4.73116
145 120 -3.20672 -0.865639
145 125 -3.81373 -0.0588472
145 130 -3.83938 0.0111928
145 135 -3.56285 0.397408
145 140 -2.54978 1.86309
145 145 -17.5994 -21.3042
145 150 -0.416629 2.10644
145 155 0.095375 -2.16959
145 160 0.0937511 -2.1747
145 165 0.0928322 -2.17952
145 170 0.0913229 -2.18409
145 175 0.090512 -2.18841
145 180 0.0891114 -2.1925
145 185 0.0884129 -2.19638
145 190 0.0871317 -2.20003
145 195 0.0865874 -2.20345
145 200 0.085491 -2.20713
145 205 0.085239 -2.20957
145 210 0.0844595 -2.21116
145 215 0.0847398 -2.20761
145 220 0.084939 -2.22229
145 225 0.0927193 -2.47631
145 230 0.0754664 -1.59196
145 235 0.164406 -4.64785
145 240 -0.216827 9.98387
145 245 0.508968 11.1688
145 250 -5.59402 1689.5
145 255 0.313797 -3.37465
150 5 -2.36586e+07 -1.09551e+09
150 10 0.401911 -0.313367
150 15 0.0517888 0.870006
150 20 0.08723 1.89562
150 25 0.0806839 1.82871
150 30 0.0893363 2.28289
150 35 0.0850912 2.20881
150 40 0.0850754 2.21703
150 45 0.0845335 2.21863
150 50 0.0850749 2.21056
150 55 0.0852139 2.20806
150 60 0.0862726 2.20495
150 65 0.0867696 2.20145
150 70 0.0880215 2.19783
150 75 0.0886955 2.19407
150 80 0.0900739 2.19007
150 85 0.0908634 2.18585
150 90 0.0923509 2.18138
150 95 0.0932477 2.17666
150 100 0.0948477 2.17167
150 105 0.0958592 2.16639
150 110 -1.09613 -1.91708
150 115 -1.12518 -4.73116
150 120 -3.20672 -0.865639
150 125 -3.81373 -0.0588472
150 130 -3.83938 0.0111928
150 135 -3.56285 0.397408
150 140 -2.54978 1.86309
150 145 -17.5994 -21.3042
150 150 -0.416629 2.10644
150 155 0.095375 -2.16959
150 160 0.0937511 -2.1747
150 165 0.0928322 -2.17952
150 170 0.0913229 -2.18409
150 175 0.090512 -2.18841
150 180 0.0891114 -2.1925
150 185 0.0884129 -2.19638
150 190 0.0871317 -2.20003
150 195 0.0865874 -2.20345
150 200 0.085491 -2.20713
150 205 0.085239 -2.20957
150 210 0.0844595 -2.21116
150 215 0.0847398 -2.20761
150 220 0.084939 -2.22229
150 225 0.0927193 -2.47631
150 230 0.0754664 -1.59196
150 235 0.164406 -4.64785
150 240 -0.216827 9.98387
150 245 0.508968 11.1688
150 250 -5.59402 1689.5
150 255 0.313797 -3.37465
155 5 -2.36586e+07 -1.09551e+09
155 10 0.401911 -0.313367
155 15 0.0517888 0.870006
155 20 0.08723 1.89562
155 25 0.0806839 1.82871
155 30 0.0893363 2.28289
155 35 0.0850912 2.20881
155 40 0.0850754 2.21703
155 45 0.0845335 2.21863
155 50 0.0850749 2.21056
155 55 0.0852139 2.20806
155 60 0.0862726 2.20495
155 65 0.0867696 2.20145
155 70 0.0880215 2.19783
155 75 0.0886955 2.19407
155 80 0.0900739 2.19007
155 85 0.0908634 2.18585
155 90 0.0923509 2.18138
155 95 0.0932477 2.17666
155 100 0.0948477 2.17167
155 105 0.0958592 2.16639
155 110 -1.09613 -1.91708
155 115 -1.12518 -4.73116
155 120 -3.20672 -0.865639
155 125 -3.81373 -0.0588472
155 130 -3.83938 0.0111928
155 135 -3.56285 0.397408
155 140 -2.54978 1.86309
155 145 -17.5994 -21.3042
155 150 -0.416629 2.10644
155 155 0.095375 -2.16959
155 160 0.0937511 -2.1747
155 165 0.0928322 -2.17952
155 170 0.0913229 -2.18409
155 175 0.090512 -2.18841
155 180 0.0891114 -2.1925
155 185 0.0884129 -2.19638
155 190 0.0871317 -2.20003
155 195 0.0865874 -2.20345
155 200 0.085491 -2.20713
155 205 0.085239 -2.20957
155 210 0.0844595 -2.21116
155 215 0.0847398 -2.20761
155 220 0.084939 -2.22229
155 225 0.0927193 -2.47631
155 230 0.0754664 -1.59196
155 235 0.164406 -4.64785
155 240 -0.216827 9.98387
155 245 0.508968 11.1688
155 250 -5.59402 1689.5
155 255 0.313797 -3.37465
160 5 -2.36586e+07 -1.09551e+09
160 10 0.401911 -0.313367
160 15 0.0517888 0.870006
160 20 0.08723 1.89562
160 25 0.0806839 1.82871
160 30 0.0893363 2.28289
160 35 0.0850912 2.20881
160 40 0.0850754 2.21703
160 45 0.0845335 2.21863
160 50 0.0850749 2.21056
160 55 0.0852139 2.20806
160 60 0.0862726 2.20495
160 65 0.0867696 2.20145
160 70 0.0880215 2.19783
160 75 0.0886955 2.19407
160 80 0.0900739 2.19007
160 85 0.0908634 2.18585
160 90 0.0923509 2.18138
160 95 0.0932477 2.17666
160 100 0.0948477 2.17167
160 105 0.0958592 2.16639
160 110 -1.09613 -1.91708
160 115 -1.12518 -4.73116
160 120 -3.20672 -0.865639
160 125 -3.81373 -0.0588472
160 130 -3.83938 0.0111928
160 135 -3.56285 0.397408
160 140 -2.54978 1.86309
160 145 -17.5994 -21.3042
160 150 -0.416629 2.10644
160 155 0.095375 -2.16959
160 160 0.0937511 -2.1747
160 165 0.0928322 -2.17952
160 170 0.0913229 -2.18409
160 175 0.090512 -2.18841
160 180 0.0891114 -2.1925
160 185 0.0884129 -2.19638
160 190 0.0871317 -2.20003
160 195 0.0865874 -2.20345
160 200 0.085491 -2.20713
160 205 0.085239 -2.20957
160 210 0.0844595 -2.21116
160 215 0.0847398 -2.20761
160 220 0.084939 -2.22229
160 225 0.0927193 -2.47631
160 230 0.0754664 -1.59196
160 235 0.164406 -4.64785
160 240 -0.216827 9.98387
160 245 0.508968 11.1688
160 250 -5.59402 1689.5
160 255 0.313797 -3.37465
165 5 -2.36586e+07 -1.09551e+09
165 10 0.401911 -0.313367
165 15 0.0517888 0.870006
165 20 0.08723 1.89562
165 25 0.0806839 1.82871
165 30 0.0893363 2.28289
165 35 0.0850912 2.20881
165 40 0.0850754 2.21703
165 45 0.0845335 2.21863
165 50 0.0850749 2.21056
165 55 0.0852139 2.20806
165 60 0.0862726 2.20495
165 65 0.0867696 2.20145
165 70 0.0880215 2.19783
165 75 0.0886955 2.19407
165 80 0.0900739 2.19007
165 85 0.0908634 2.18585
165 90 0.0923509 2.18138
165 95 0.0932477 2.17666
165 100 0.0948477 2.17167
165 105 0.0958592 2.16639
165 110 -1.09613 -1.91708
165 115 -1.12518 -4.73116
165 120 -3.20672 -0.865639
165 125 -3.81373 -0.0588472
165 130 -3.83938 0.0111928
165 135 -3.56285 0.397408
165 140 -2.54978 1.86309
165 145 -17.5994 -21.3042
165 150 -0.416629 2.10644
165 155 0.095375 -2.16959
165 160 0.0937511 -2.1747
165 165 0.0928322 -2.17952
165 170 0.0913229 -2.18409
165 175 0.090512 -2.18841
165 180 0.0891114 -2.1925
165 185 0.0884129 -2.19638
165 190 0.0871317 -2.20003
165 195 0.0865874 -2.20345
165 200 0.085491 -2.20713
165 205 0.085239 -2.20957
165 210 0.0844595 -2.21116
165 215 0.0847398 -2.20761
165 220 0.084939 -2.22229
165 225 0.0927193 -2.47631
165 230 0.0754664 -1.59196
165 235 0.164406 -4.64785
165 240 -0.216827 9.98387
165 245 0.508968 11.1688
165 250 -5.59402 1689.5
165 255 0.313797 -3.37465
170 5 -2.36586e+07 -1.09551e+09
170 10 0.401911 -0.313367
170 15 0.0517888 0.870006
170 20 0.08723 1.89562
170 25 0.0806839 1.82871
170 30 0.0893363 2.28289
170 35 0.0850912 2.20881
170 40 0.0850754 2.21703
170 45 0.0845335 2.21863
170 50 0.0850749 2.21056
170 55 0.0852139 2.20806
170 60 0.0862726 2.20495
170 65 0.0867696 2.20145
170 70 0.0880215 2.19783
170 75 0.0886955 2.19407
170 80 0.0900739 2.19007
170 85 0.0908634 2.18585
170 90 0.0923509 2.18138
170 95 0.0932477 2.17666
170 100 0.0948477 2.17167
170 105 0.0958592 2.16639
170 110 -1.09613 -1.91708
170 115 -1.12518 -4.73116
170 120 -3.20672 -0.865639
170 125 -3.81373 -0.0588472
170 130 -3.83938 0.0111928
170 135 -3.56285 0.397408
170 140 -2.54978 1.86309
170 145 -17.5994 -21.3042
170 150 -0.416629 2.10644
170 155 0.095375 -2.16959
170 160 0.0937511 -2.1747
170 165 0.0928322 -2.17952
170 170 0.0913229 -2.18409
170 175 0.090512 -2.18841
170 180 0.0891114 -2.1925
170 185 0.0884129 -2.19638
170 190 0.0871317 -2.20003
170 195 0.0865874 -2.20345
170 200 0.085491 -2.20713
170 205 0.085239 -2.20957
170 210 0.0844595 -2.21116
170 215 0.0847398 -2.20761
170 220 0.084939 -2.22229
170 225 0.0927193 -2.47631
170 230 0.0754664 -1.59196
170 235 0.164406 -4.64785
170 240 -0.216827 9.98387
170 245 0.508968 11.1688
170 250 -5.59402 1689.5
170 255 0.313797 -3.37465
175 5 -2.36586e+07 -1.09551e+09
175 10 0.401911 -0.313367
175 15 0.0517888 0.870006
175 20 0.08723 1.89562
175 25 0.0806839 1.82871
175 30 0.0893363 2.28289
175 35 0.0850912 2.20881
175 40 0.0850754 2.21703
175 45 0.0845335 2.21863
175 50 0.0850749 2.21056
175 55 0.0852139 2.20806
175 60 0.0862726 2.20495
175 65 0.0867696 2.20145
175 70 0.0880215 2.19783
175 75 0.0886955 2.19407
175 80 0.0900739 2.19007
175 85 0.0908634 2.18585
175 90 0.0923509 2.18138
175 95 0.0932477 2.17666
175 100 0.0948477 2.17167
175 105 0.0958592 2.16639
175 110 -1.09613 -1.91708
175 115 -1.12518 -4.73116
175 120 -3.20672 -0.865639
175 125 -3.81373 -0.0588472
175 130 -3.83938 0.0111928
175 135 -3.56285 0.397408
175 140 -2.54978 1.86309
175 145 -17.5994 -21.3042
175 150 -0.416629 2.10644
175 155 0.095375 -2.16959
175 160 0.0937511 -2.1747
175 165 0.0928322 -2.17952
175 170 0.0913229 -2.18409
175 175 0.090512 -2.18841
175 180 0.0891114 -2.1925
175 185 0.0884129 -2.19638
175 190 0.0871317 -2.20003
175 195 0.0865874 -2.20345
175 200 0.085491 -2.20713
175 205 0.085239 -2.20957
175 210 0.0844595 -2.21116
175 215 0.0847398 -2.20761
175 220 0.084939 -2.22229
175 225 0.0927193 -2.47631
175 230 0.0754664 -1.59196
175 235 0.164406 -4.64785
175 240 -0.216827 9.98387
175 245 0.508968 11.1688
175 250 -5.59402 1689.5
175 255 0.313797 -3.37465
180 5 -2.36586e+07 -1.09551e+09
180 10 0.401911 -0.313367
180 15 0.0517888 0.870006
180 20 0.08723 1.89562
180 25 0.0806839 1.82871
180 30 0.0893363 2.28289
180 35 0.0850912 2.20881
180 40 0.0850754 2.21703
180 45 0.0845335 2.21863
180 50 0.0850749 2.21056
180 55 0.0852139 2.20806
180 60 0.0862726 2.20495
180 65 0.0867696 2.20145
180 70 0.0880215 2.19783
180 75 0.0886955 2.19407
180 80 0.0900739 2.19007
180 85 0.0908634 2.18585
180 90 0.0923509 2.18138
180 95 0.0932477 2.17666
180 100 0.0948477 2.17167
180 105 0.0958592 2.16639
180 110 -1.09613 -1.91708
180 115 -1.12518 -4.73116
180 120 -3.20672 -0.865639
180 125 -3.81373 -0.0588472
180 130 -3.83938 0.0111928
180 135 -3.56285 0.397408
180 140 -2.54978 1.86309
180 145 -17.5994 -21.3042
180 150 -0.416629 2.10644
180 155 0.095375 -2.16959
180 160 0.0937511 -2.1747
180 165 0.0928322 -2.17952
180 170 0.0913229 -2.18409
180 175 0.090512 -2.18841
180 180 0.0891114 -2.1925
180 185 0.0884129 -2.19638
180 190 0.0871317 -2.20003
180 195 0.0865874 -2.20345
180 200 0.085491 -2.20713
180 205 0.085239 -2.20957
180 210 0.0844595 -2.21116
180 215 0.0847398 -2.20761
180 220 0.084939 -2.22229
180 225 0.0927193 -2.47631
180 230 0.0754664 -1.59196
180 235 0.164406 -4.64785
180 240 -0.216827 9.98387
180 245 0.508968 11.1688
180 250 -5.59402 1689.5
180 255 0.313797 -3.37465
185 5 -2.36586e+07 -1.09551e+09
185 10 0.401911 -0.313367
185 15 0.0517888 0.870006
185 20 0.08723 1.89562
185 25 0.0806839 1.82871
185 30 0.0893363 2.28289
185 35 0.0850912 2.20881
185 40 0.0850754 2.21703
185 45 0.0845335 2.21863
185 50 0.0850749 2.21056
185 55 0.0852139 2.20806
185 60 0.0862726 2.20495
185 65 0.0867696 2.20145
185 70 0.0880215 2.19783
185 75 0.0886955 2.19407
185 80 0.0900739 2.19007
185 85 0.0908634 2.18585
185 90 0.0923509 2.18138
185 95 0.0932477 2.17666
185 100 0.0948477 2.17167
185 105 0.0958592 2.16639
185 110 -1.09613 -1.91708
185 115 -1.12518 -4.73116
185 120 -3.20672 -0.865639
185 125 -3.81373 -0.0588472
185 130 -3.83938 0.0111928
185 135 -3.56285 0.397408
185 140 -2.54978 1.86309
185 145 -17.5994 -21.3042
185 150 -0.416629 2.10644
185 155 0.095375 -2.16959
185 160 0.0937511 -2.1747
185 165 0.0928322 -2.17952
185 170 0.0913229 -2.18409
185 175 0.090512 -2.18841
185 180 0.0891114 -2.1925
185 185 0.0884129 -2.19638
185 190 0.0871317 -2.20003
185 195 0.0865874 -2.20345
185 200 0.085491 -2.20713
185 205 0.085239 -2.20957
185 210 0.0844595 -2.21116
185 215 0.0847398 -2.20761
185 220 0.084939 -2.22229
185 225 0.0927193 -2.47631
185 230 0.0754664 -1.59196
185 235 0.164406 -4.64785
185 240 -0.216827 9.98387
185 245 0.508968 11.1688
185 250 -5.59402 1689.5
185 255 0.313797 -3.37465
190 5 -2.36586e+07 -1.09551e+09
190 10 0.401911 -0.313367
190 15 0.0517888 0.870006
190 20 0.08723 1.89562
190 25 0.0806839 1.82871
190 30 0.0893363 2.28289
190 35 0.0850912 2.20881
190 40 0.0850754 2.21703
190 45 0.0845335 2.21863
190 50 0.0850749 2.21056
190 55 0.0852139 2.20806
190 60 0.0862726 2.20495
190 65 0.0867696 2.20145
190 70 0.0880215 2.19783
190 75 0.0886955 2.19407
190 80 0.0900739 2.19007
190 85 0.0908634 2.18585
190 90 0.0923509 2.18138
190 95 0.0932477 2.17666
190 100 0.0948477 2.17167
190 105 0.0958592 2.16639
190 110 -1.09613 -1.91708
190 115 -1.12518 -4.73116
190 120 -3.20672 -0.865639
190 125 -3.81373 -0.0588472
190 130 -3.83938 0.0111928
190 135 -3.56285 0.397408
190 140 -2.54978 1.86309
190 145 -17.5994 -21.3042
190 150 -0.416629 2.10644
190 155 0.095375 -2.16959
190 160 0.0937511 -2.1747
190 165 0.0928322 -2.17952
190 170 0.0913229 -2.18409
190 175 0.090512 -2.18841
190 180 0.0891114 -2.1925
190 185 0.0884129 -2.19638
190 190 0.0871317 -2.20003
190 195 0.0865874 -2.20345
190 200 0.085491 -2.20713
190 205 0.085239 -2.20957
190 210 0.0844595 -2.21116
190 215 0.0847398 -2.20761
190 220 0.084939 -2.22229
190 225 0.0927193 -2.47631
190 230 0.0754664 -1.59196
190 235 0.164406 -4.64785
190 240 -0.216827 9.98387
190 245 0.508968 11.1688
190 250 -5.59402 1689.5
190 255 0.313797 -3.37465
195 5 -2.36586e+07 -1.09551e+09
195 10 0.401911 -0.313367
195 15 0.0517888 0.870006
195 20 0.08723 1.89562
195 25 0.0806839 1.82871
195 30 0.0893363 2.28289
195 35 0.0850912 2.20881
195 40 0.0850754 2.21703
195 45 0.0845335 2.21863
195 50 0.0850749 2.21056
195 55 0.0852139 2.20806
195 60 0.0862726 2.20495
195 65 0.0867696 2.20145
195 70 0.0880215 2.19783
195 75 0.0886955 2.19407
195 80 0.0900739 2.19007
195 85 0.0908634 2.18585
195 90 0.0923509 2.18138
195 95 0.0932477 2.17666
195 100 0.0948477 2.17167
195 105 0.0958592 2.16639
195 110 -1.09613 -1.91708
195 115 -1.12518 -4.73116
195 120 -3.20672 -0.865639
195 125 -3.81373 -0.0588472
195 130 -3.83938 0.0111928
195 135 -3.56285 0.397408
195 140 -2.54978 1.86309
195 145 -17.5994 -21.3042
195 150 -0.416629 2.10644
195 155 0.095375 -2.16959
195 160 0.0937511 -2.1747
195 165 0.0928322 -2.17952
195 170 0.0913229 -2.18409
195 175 0.090512 -2.18841
195 180 0.0891114 -2.1925
195 185 0.0884129 -2.19638
195 190 0.0871317 -2.20003
195 195 0.0865874 -2.20345
195 200 0.085491 -2.20713
195 205 0.085239 -2.20957
195 210 0.0844595 -2.21116
195 215 0.0847398 -2.20761
195 220 0.084939 -2.22229
195 225 0.0927193 -2.47631
195 230 0.0754664 -1.59196
195 235 0.164406 -4.64785
195 240 -0.216827 9.98387
195 245 0.508968 11.1688
195 250 -5.59402 1689.5
195 255 0.313797 -3.37465
200 5 -2.36586e+07 -1.09551e+09
200 10 0.401911 -0.313367
200 15 0.0517888 0.870006
200 20 0.08723 1.89562
200 25 0.0806839 1.82871
200 30 0.0893363 2.28289
200 35 0.0850912 2.20881
200 40 0.0850754 2.21703
200 45 0.0845335 2.21863
200 50 0.0850749 2.21056
200 55 0.0852139 2.20806
200 60 0.0862726 2.20495
200 65 0.0867696 2.20145
200 70 0.0880215 2.19783
200 75 0.0886955 2.19407
200 80 0.0900739 2.19007
200 85 0.0908634 2.18585
200 90 0.0923509 2.18138
200 95 0.0932477 2.17666
200 100 0.0948477 2.17167
200 105 0.0958592 2.16639
200 110 -1.09613 -1.91708
200 115 -1.12518 -4.73116
200 120 -3.20672 -0.865639
200 125 -3.81373 -0.0588472
200 130 -3.83938 0.0111928
200 135 -3.56285 0.397408
200 140 -2.54978 1.86309
200 145 -17.5994 -21.3042
200 150 -0.416629 2.10644
200 155 0.095375 -2.16959
200 160 0.0937511 -2.1747
200 165 0.0928322 -2.17952
200 170 0.0913229 -2.18409
200 175 0.090512 -2.18841
200 180 0.0891114 -2.1925
200 185 0.0884129 -2.19638
200 190 0.0871317 -2.20003
200 195 0.0865874 -2.20345
200 200 0.085491 -2.20713
200 205 0.085239 -2.20957
200 210 0.0844595 -2.21116
200 215 0.0847398 -2.20761
200 220 0.084939 -2.22229
200 225 0.0927193 -2.47631
200 230 0.0754664 -1.59196
200 235 0.164406 -4.64785
200 240 -0.216827 9.98387
200 245 0.508968 11.1688
200 250 -5.59402 1689.5
200 255 0.313797 -3.37465
205 5 -2.36586e+07 -1.09551e+09
205 10 0.401911 -0.313367
205 15 0.0517888 0.870006
205 20 0.08723 1.89562
205 25 0.0806839 1.82871
205 30 0.0893363 2.28289
205 35 0.0850912 2.20881
205 40 0.0850754 2.21703
205 45 0.0845335 2.21863
205 50 0.0850749 2.21056
205 55 0.0852139 2.20806
205 60 0.0862726 2.20495
205 65 0.0867696 2.20145
205 70 0.0880215 2.19783
205 75 0.0886955 2.19407
205 80 0.0900739 2.19007
205 85 0.0908634 2.18585
205 90 0.0923509 2.18138
205 95 0.0932477 2.17666
205 100 0.0948477 2.17167
205 105 0.0958592 2.16639
205 110 -1.09613 -1.91708
205 115 -1.12518 -4.73116
205 120 -3.20672 -0.865639
205 125 -3.81373 -0.0588472
205 130 -3.83938 0.0111928
205 135 -3.56285 0.397408
205 140 -2.54978 1.86309
205 145 -17.5994 -21.3042
205 150 -0.416629 2.10644
205 155 0.095375 -2.16959
205 160 0.0937511 -2.1747
205 165 0.0928322 -2.17952
205 170 0.0913229 -2.18409
205 175 0.090512 -2.18841
205 180 0.0891114 -2.1925
205 185 0.0884129 -2.19638
205 190 0.0871317 -2.20003
205 195 0.0865874 -2.20345
205 200 0.085491 -2.20713
205 205 0.085239 -2.20957
205 210 0.0844595 -2.21116
205 215 0.0847398 -2.20761
205 220 0.084939 -2.22229
205 225 0.0927193 -2.47631
205 230 0.0754664 -1.59196
205 235 0.164406 -4.64785
205 240 -0.216827 9.98387
205 245 0.508968 11.1688
205 250 -5.59402 1689.5
205 255 0.313797 -3.37465
210 5 -2.36586e+07 -1.09551e+09
210 10 0.401911 -0.313367
210 15 0.0517888 0.870006
210 20 0.08723 1.89562
210 25 0.0806839 1.82871
210 30 0.0893363 2.28289
210 35 0.0850912 2.20881
210 40 0.0850754 2.21703
210 45 0.0845335 2.21863
210 50 0.0850749 2.21056
210 55 0.0852139 2.20806
210 60 0.0862726 2.20495
210 65 0.0867696 2.20145
210 70 0.0880215 2.19783
210 75 0.0886955 2.19407
210 80 0.0900739 2.19007
210 85 0.0908634 2.18585
210 90 0.0923509 2.18138
210 95 0.0932477 2.17666
210 100 0.0948477 2.17167
210 105 0.0958592 2.16639
210 110 -1.09613 -1.91708
210 115 -1.12518 -4.73116
210 120 -3.20672 -0.865639
210 125 -3.81373 -0.0588472
210 130 -3.83938 0.0111928
210 135 -3.56285 0.397408
210 140 -2.54978 1.86309
210 145 -17.5994 -21.3042
210 150 -0.416629 2.10644
210 155 0.095375 -2.16959
210 160 0.0937511 -2.1747
210 165 0.0928322 -2.17952
210 170 0.0913229 -2.18409
210 175 0.090512 -2.18841
210 180 0.0891114 -2.1925
210 185 0.0884129 -2.19638
210 190 0.0871317 -2.20003
210 195 0.0865874 -2.20345
210 200 0.085491 -2.20713
210 205 0.085239 -2.20957
210 210 0.0844595 -2.21116
210 215 0.0847398 -2.20761
210 220 0.084939 -2.22229
210 225 0.0927193 -2.47631
210 230 0.0754664 -1.59196
210 235 0.164406 -4.64785
210 240 -0.216827 9.98387
210 245 0.508968 11.1688
210 250 -5.59402 1689.5
210 255 0.313797 -3.37465
215 5 -2.36586e+07 -1.09551e+09
215 10 0.401911 -0.313367
215 15 0.0517888 0.870006
215 20 0.08723 1.89562
215 25 0.0806839 1.82871
215 30 0.0893363 2.28289
215 35 0.0850912 2.20881
215 40 0.0850754 2.21703
215 45 0.0845335 2.21863
215 50 0.0850749 2.21056
215 55 0.0852139 2.20806
215 60 0.0862726 2.20495
215 65 0.0867696 2.20145
215 70 0.0880215 2.19783
215 75 0.0886955 2.19407
215 80 0.0900739 2.19007
215 85 0.0908634 2.18585
215 90 0.0923509 2.18138
215 95 0.0932477 2.17666
215 100 0.0948477 2.17167
215 105 0.0958592 2.16639
215 110 -1.09613 -1.91708
215 115 -1.12518 -4.73116
215 120 -3.20672 -0.865639
215 125 -3.81373 -0.0588472
215 130 -3.83938 0.0111928
215 135 -3.56285 0.397408
215 140 -2.54978 1.86309
215 145 -17.5994 -21.3042
215 150 -0.416629 2.10644
215 155 0.095375 -2.16959
215 160 0.0937511 -2.1747
215 165 0.0928322 -2.17952
215 170 0.0913229 -2.18409
215 175 0.090512 -2.18841
215 180 0.0891114 -2.1925
215 185 0.0884129 -2.19638
215 190 0.0871317 -2.20003
215 195 0.0865874 -2.20345
215 200 0.085491 -2.20713
215 205 0.085239 -2.20957
215 210 0.0844595 -2.21116
215 215 0.0847398 -2.20761
215 220 0.084939 -2.22229
215 225 0.0927193 -2.47631
215 230 0.0754664 -1.59196
215 235 0.164406 -4.64785
215 240 -0.216827 9.98387
215 245 0.508968 11.1688
215 250 -5.59402 1689.5
215 255 0.313797 -3.37465
220 5 -2.36586e+07 -1.09551e+09
220 10 0.401911 -0.313367
220 15 0.0517888 0.870006
220 20 0.08723 1.89562
220 25 0.0806839 1.82871
220 30 0.0893363 2.28289
220 35 0.0850912 2.20881
220 40 0.0850754 2.21703
220 45 0.0845335 2.21863
220 50 0.0850749 2.21056
220 55 0.0852139 2.20806
220 60 0.0862726 2.20495
220 65 0.0867696 2.20145
220 70 0.0880215 2.19783
220 75 0.0886955 2.19407
220 80 0.0900739 2.19007
220 85 0.0908634 2.18585
220 90 0.0923509 2.18138
220 95 0.0932477 2.17666
220 100 0.0948477 2.17167
220 105 0.0958592 2.16639
220 110 -1.09613 -1.91708
220 115 -1.12518 -4.73116
220 120 -3.20672 -0.865639
220 125 -3.81373 -0.0588472
220 130 -3.83938 0.0111928
220 135 -3.56285 0.397408
220 140 -2.54978 1.86309
220 145 -17.5994 -21.3042
220 150 -0.416629 2.10644
220 155 0.095375 -2.16959
220 160 0.0937511 -2.1747
220 165 0.0928322 -2.17952
220 170 0.0913229 -2.18409
220 175 0.090512 -2.18841
220 180 0.0891114 -2.1925
220 185 0.0884129 -2.19638
220 190 0.0871317 -2.20003
220 195 0.0865874 -2.20345
220 200 0.085491 -2.20713
220 205 0.085239 -2.20957
220 210 0.0844595 -2.21116
220 215 0.0847398 -2.20761
220 220 0.084939 -2.22229
220 225 0.0927193 -2.47631
220 230 0.0754664 -1.59196
220 235 0.164406 -4.64785
220 240 -0.216827 9.98387
220 245 0.508968 11.1688
220 250 -5.59402 1689.5
220 255 0.313797 -3.37465
225 5 -2.36586e+07 -1.09551e+09
225 10 0.401911 -0.313367
225 15 0.0517888 0.870006
225 20 0.08723 1.89562
225 25 0.0806839 1.82871
225 30 0.0893363 2.28289
225 35 0.0850912 2.20881
225 40 0.0850754 2.21703
225 45 0.0845335 2.21863
225 50 0.0850749 2.21056
225 55 0.0852139 2.20806
225 60 0.0862726 2.20495
225 65 0.0867696 2.20145
225 70 0.0880215 2.19783
225 75 0.0886955 2.19407
225 80 0.0900739 2.19007
225 85 0.0908634 2.18585
225 90 0.0923509 2.18138
225 95 0.0932477 2.17666
225 100 0.0948477 2.17167
225 105 0.0958592 2.16639
225 110 -1.09613 -1.91708
225 115 -1.12518 -4.73116
225 120 -3.20672 -0.865639
225 125 -3.81373 -0.0588472
225 130 -3.83938 0.0111928
225 135 -3.56285 0.397408
225 140 -2.54978 1.86309
225 145 -17.5994 -21.3042
225 150 -0.416629 2.10644
225 155 0.095375 -2.16959
225 160 0.0937511 -2.1747
225 165 0.0928322 -2.17952
225 170 0.0913229 -2.18409
225 175 0.090512 -2.18841
225 180 0.0891114 -2.1925
225 185 0.0884129 -2.19638
225 190 0.0871317 -2.20003
225 195 0.0865874 -2.20345
225 200 0.085491 -2.20713
225 205 0.085239 -2.20957
225 210 0.0844595 -2.21116
225 215 0.0847398 -2.20761
225 220 0.084939 -2.22229
225 225 0.0927193 -2.47631
225 230 0.0754664 -1.59196
225 235 0.164406 -4.64785
225 240 -0.216827 9.98387
225 245 0.508968 11.1688
225 250 -5.59402 1689.5
225 255 0.313797 -3.37465
230 5 -2.36586e+07 -1.09551e+09
230 10 0.401911 -0.313367
230 15 0.0517888 0.870006
230 20 0.08723 1.89562
230 25 0.0806839 1.82871
230 30 0.0893363 2.28289
230 35 0.0850912 2.20881
230 40 0.0850754 2.21703
230 45 0.0845335 2.21863
230 50 0.0850749 2.21056
230 55 0.0852139 2.20806
230 60 0.0862726 2.20495
230 65 0.0867696 2.20145
230 70 0.0880215 2.19783
230 75 0.0886955 2.19407
230 80 0.0900739 2.19007
230 85 0.0908634 2.18585
230 90 0.0923509 2.18138
230 95 0.0932477 2.17666
230 100 0.0948477 2.17167
230 105 0.0958592 2.16639
230 110 -1.09613 -1.91708
230 115 -1.12518 -4.73116
230 120 -3.20672 -0.865639
230 125 -3.81373 -0.0588472
230 130 -3.83938 0.0111928
230 135 -3.56285 0.397408
230 140 -2.54978 1.86309
230 145 -17.5994 -21.3042
230 150 -0.416629 2.10644
230 155 0.095375 -2.16959
230 160 0.0937511 -2.1747
230 165 0.0928322 -2.17952
230 170 0.0913229 -2.18409
230 175 0.090512 -2.18841
230 180 0.0891114 -2.1925
230 185 0.0884129 -2.19638
230 190 0.0871317 -2.20003
230 195 0.0865874 -2.20345
230 200 0.085491 -2.20713
230 205 0.085239 -2.20957
230 210 0.0844595 -2.21116
230 215 0.0847398 -2.20761
230 220 0.084939 -2.22229
230 225 0.0927193 -2.47631
230 230 0.0754664 -1.59196
230 235 0.164406 -4.64785
230 240 -0.216827 9.98387
230 245 0.508968 11.1688
230 250 -5.59402 1689.5
230 255 0.313797 -3.37465
235 5 -2.36586e+07 -1.09551e+09
235 10 0.401911 -0.313367
235 15 0.0517888 0.870006
235 20 0.08723 1.89562
235 25 0.0806839 1.82871
235 30 0.0893363 2.28289
235 35 0.0850912 2.20881
235 40 0.0850754 2.21703
235 45 0.0845335 2.21863
235 50 0.0850749 2.21056
235 55 0.0852139 2.20806
235 60 0.0862726 2.20495
235 65 0.0867696 2.20145
235 70 0.0880215 2.19783
235 75 0.0886955 2.19407
235 80 0.0900739 2.19007
235 85 0.0908634 2.18585
235 90 0.0923509 2.18138
235 95 0.0932477 2.17666
235 100 0.0948477 2.17167
235 105 0.0958592 2.16639
235 110 -1.09613 -1.91708
235 115 -1.12518 -4.73116
235 120 -3.20672 -0.865639
235 125 -3.81373 -0.0588472
235 130 -3.83938 0.0111928
235 135 -3.56285 0.397408
235 140 -2.54978 1.86309
235 145 -17.5994 -21.3042
235 150 -0.416629 2.10644
235 155 0.095375 -2.16959
235 160 0.0937511 -2.1747
235 165 0.0928322 -2.17952
235 170 0.0913229 -2.18409
235 175 0.090512 -2.18841
235 180 0.0891114 -2.1925
235 185 0.0884129 -2.19638
235 190 0.0871317 -2.20003
235 195 0.0865874 -2.20345
235 200 0.085491 -2.20713
235 205 0.085239 -2.20957
235 210 0.0844595 -2.21116
235 215 0.0847398 -2.20761
235 220 0.084939 -2.22229
235 225 0.0927193 -2.47631
235 230 0.0754664 -1.59196
235 235 0.164406 -4.64785
235 240 -0.216827 9.98387
235 245 0.508968 11.1688
235 250 -5.59402 1689.5
235 255 0.313797 -3.37465
240 5 -2.36586e+07 -1.09551e+09
240 10 0.401911 -0.313367
240 15 0.0517888 0.870006
240 20 0.08723 1.89562
240 25 0.0806839 1.82871
240 30 0.0893363 2.28289
240 35 0.0850912 2.20881
240 40 0.0850754 2.21703
240 45 0.0845335 2.21863
240 50 0.0850749 2.21056
240 55 0.0852139 2.20806
240 60 0.0862726 2.20495
240 65 0.0867696 2.20145
240 70 0.0880215 2.19783
240 75 0.0886955 2.19407
240 80 0.0900739 2.19007
240 85 0.0908634 2.18585
240 90 0.0923509 2.18138
240 95 0.0932477 2.17666
240 100 0.0948477 2.17167
240 105 0.0958592 2.16639
240 110 -1.09613 -1.91708
240 115 -1.12518 -4.73116
240 120 -3.20672 -0.865639
240 125 -3.81373 -0.0588472
240 130 -3.83938 0.0111928
240 135 -3.56285 0.397408
240 140 -2.54978 1.86309
240 145 -17.5994 -21.3042
240 150 -0.416629 2.10644
240 155 0.095375 -2.16959
240 160 0.0937511 -2.1747
240 165 0.0928322 -2.17952
240 170 0.0913229 -2.18409
240 175 0.090512 -2.18841
240 180 0.0891114 -2.1925
240 185 0.0884129 -2.19638
240 190 0.0871317 -2.20003
240 195 0.0865874 -2.20345
240 200 0.085491 -2.20713
240 205 0.085239 -2.20957
240 210 0.0844595 -2.21116
240 215 0.0847398 -2.20761
240 220 0.084939 -2.22229
240 225 0.0927193 -2.47631
240 230 0.0754664 -1.59196
240 235 0.164406 -4.64785
240 240 -0.216827 9.98387
240 245 0.508968 11.1688
240 250 -5.59402 1689.5
240 255 0.313797 -3.37465
245 5 -2.36586e+07 -1.09551e+09
245 10 0.401911 -0.313367
245 15 0.0517888 0.870006
245 20 0.08723 1.89562
245 25 0.0806839 1.82871
245 30 0.0893363 2.28289
245 35 0.0850912 2.20881
245 40 0.0850754 2.21703
245 45 0.0845335 2.21863
245 50 0.0850749 2.21056
245 55 0.0852139 2.20806
245 60 0.0862726 2.20495
245 65 0.0867696 2.20145
245 70 0.0880215 2.19783
245 75 0.0886955 2.19407
245 80 0.0900739 2.19007
245 85 0.0908634 2.18585
245 90 0.0923509 2.18138
245 95 0.0932477 2.17666
245 100 0.0948477 2.17167
245 105 0.0958592 2.16639
245 110 -1.09613 -1.91708
245 115 -1.12518 -4.73116
245 120 -3.20672 -0.865639
245 125 -3.81373 -0.0588472
245 130 -3.83938 0.0111928
245 135 -3.56285 0.397408
245 140 -2.54978 1.86309
245 145 -17.5994 -21.3042
245 150 -0.416629 2.10644
245 155 0.095375 -2.16959
245 160 0.0937511 -2.1747
245 165 0.0928322 -2.17952
245 170 0.0913229 -2.18409
245 175 0.090512 -2.18841
245 180 0.0891114 -2.1925
245 185 0.0884129 -2.19638
245 190 0.0871317 -2.20003
245 195 0.0865874 -2.20345
245 200 0.085491 -2.20713
245 205 0.085239 -2.20957
245 210 0.0844595 -2.21116
245 215 0.0847398 -2.20761
245 220 0.084939 -2.22229
245 225 0.0927193 -2.47631
245 230 0.0754664 -1.59196
245 235 0.164406 -4.64785
245 240 -0.216827 9.98387
245 245 0.508968 11.1688
245 250 -5.59402 1689.5
245 255 0.313797 -3.37465
250 5 -2.36586e+07 -1.09551e+09
250 10 0.401911 -0.313367
250 15 0.0517888 0.870006
250 20 0.08723 1.89562
250 25 0.0806839 1.82871
250 30 0.0893363 2.28289
250 35 0.0850912 2.20881
250 40 0.0850754 2.21703
250 45 0.0845335 2.21863
250 50 0.0850749 2.21056
250 55 0.0852139 2.20806
250 60 0.0862726 2.20495
250 65 0.0867696 2.20145
250 70 0.0880215 2.19783
250 75 0.0886955 2.19407
250 80 0.0900739 2.19007
250 85 0.0908634 2.18585
250 90 0.0923509 2.18138
250 95 0.0932477 2.17666
250 100 0.0948477 2.17167
250 105 0.0958592 2.16639
250 110 -1.09613 -1.91708
250 115 -1.12518 -4.73116
250 120 -3.20672 -0.865639
250 125 -3.81373 -0.0588472
250 130 -3.83938 0.0111928
250 135 -3.56285 0.397408
250 140 -2.54978 1.86309
250 145 -17.5994 -21.3042
250 150 -0.416629 2.10644
250 155 0.095375 -2.16959
250 160 0.0937511 -2.1747
250 165 0.0928322 -2.17952
250 170 0.0913229 -2.18409
250 175 0.090512 -2.18841
250 180 0.0891114 -2.1925
250 185 0.0884129 -2.19638
250 190 0.0871317 -2.20003
250 195 0.0865874 -2.20345
250 200 0.085491 -2.20713
250 205 0.085239 -2.20957
250 210 0.0844595 -2.21116
250 215 0.0847398 -2.20761
250 220 0.084939 -2.22229
250 225 0.0927193 -2.47631
250 230 0.0754664 -1.59196
250 235 0.164406 -4.64785
250 240 -0.216827 9.98387
250 245 0.508968 11.1688
250 250 -5.59402 1689.5
250 255 0.313797 -3.37465
255 5 -2.36586e+07 -1.09551e+09
255 10 0.401911 -0.313367
255 15 0.0517888 0.870006
255 20 0.08723 1.89562
255 25 0.0806839 1.82871
255 30 0.0893363 2.28289
255 35 0.0850912 2.20881
255 40 0.0850754 2.21703
255 45 0.0845335 2.21863
255 50 0.0850749 2.21056
255 55 0.0852139 2.20806
255 60 0.0862726 2.20495
255 65 0.0867696 2.20145
255 70 0.0880215 2.19783
255 75 0.0886955 2.19407
255 80 0.0900739 2.19007
255 85 0.0908634 2.18585
255 90 0.0923509 2.18138
255 95 0.0932477 2.17666
255 100 0.0948477 2.17167
255 105 0.0958592 2.16639
255 110 -1.09613 -1.91708
255 115 -1.12518 -4.73116
255 120 -3.20672 -0.865639
255 125 -3.81373 -0.0588472
255 130 -3.83938 0.0111928
255 135 -3.56285 0.397408
255 140 -2.54978 1.86309
255 145 -17.5994 -21.3042
255 150 -0.416629 2.10644
255 155 0.095375 -2.16959
255 160 0.0937511 -2.1747
255 165 0.0928322 -2.17952
255 170 0.0913229 -2.18409
255 175 0.090512 -2.18841
255 180 0.0891114 -2.1925
255 185 0.0884129 -2.19638
255 190 0.0871317 -2.20003
255 195 0.0865874 -2.20345
255 200 0.085491 -2.20713
255 205 0.085239 -2.20957
255 210 0.0844595 -2.21116
255 215 0.0847398 -2.20761
255 220 0.084939 -2.22229
255 225 0.0927193 -2.47631
255 230 0.0754664 -1.59196
255 235 0.164406 -4.64785
255 240 -0.216827 9.98387
255 245 0.508968 11.1688
255 250 -5.59402 1689.5
255 255 0.313797 -3.37465
