5 5 1.0363 0.839377
5 10 0.662003 1.06122
5 15 0.335708 1.14852
5 20 0.274155 1.15181
5 25 0.228047 1.14913
5 30 0.228049 1.14247
5 35 2.04775 0
5 40 2.04775 0
5 45 2.04775 0
5 50 2.04775 0
5 55 2.04775 0
5 60 2.04775 0
5 65 2.04775 0
5 70 2.04775 0
5 75 2.04775 0
5 80 2.04775 0
5 85 2.04775 0
5 90 2.04775 0
5 95 2.04775 0
5 100 2.04775 0
5 105 2.04775 0
5 110 2.04775 0
5 115 2.04775 0
5 120 2.04775 0
5 125 2.04775 0
5 130 2.04775 0
5 135 2.04775 0
5 140 2.04775 0
5 145 2.04775 0
5 150 2.04775 0
5 155 2.04775 0
5 160 2.04775 0
5 165 2.04775 0
5 170 2.04775 0
5 175 2.04775 0
5 180 2.04775 0
5 185 2.04775 0
5 190 2.04775 0
5 195 2.04775 0
5 200 2.04775 0
5 205 2.04775 0
5 210 2.04775 0
5 215 2.04775 0
5 220 2.04775 0
5 225 2.04775 0
5 230 0.221861 -1.14704
5 235 0.254983 -1.1512
5 240 0.292967 -1.15258
5 245 0.518194 -1.10991
5 250 0.825165 -0.982627
5 255 1.36274 -0.318814
10 5 1.0363 0.839377
10 10 0.662003 1.06122
10 15 0.335708 1.14852
10 20 0.274155 1.15181
10 25 0.228047 1.14913
10 30 0.228049 1.14247
10 35 2.04775 0
10 40 2.04775 0
10 45 2.04775 0
10 50 2.04775 0
10 55 2.04775 0
10 60 2.04775 0
10 65 2.04775 0
10 70 2.04775 0
10 75 2.04775 0
10 80 2.04775 0
10 85 2.04775 0
10 90 2.04775 0
10 95 2.04775 0
10 100 2.04775 0
10 105 2.04775 0
10 110 2.04775 0
10 115 2.04775 0
10 120 2.04775 0
10 125 2.04775 0
10 130 2.04775 0
10 135 2.04775 0
10 140 2.04775 0
10 145 2.04775 0
10 150 2.04775 0
10 155 2.04775 0
10 160 2.04775 0
10 165 2.04775 0
10 170 2.04775 0
10 175 2.04775 0
10 180 2.04775 0
10 185 2.04775 0
10 190 2.04775 0
10 195 2.04775 0
10 200 2.04775 0
10 205 2.04775 0
10 210 2.04775 0
10 215 2.04775 0
10 220 2.04775 0
10 225 2.04775 0
10 230 0.221861 -1.14704
10 235 0.254983 -1.1512
10 240 0.292967 -1.15258
10 245 0.518194 -1.10991
10 250 0.825165 -0.982627
10 255 1.36274 -0.318814
15 5 1.0363 0.839377
15 10 0.662003 1.06122
15 15 0.335708 1.14852
15 20 0.274155 1.15181
15 25 0.228047 1.14913
15 30 0.228049 1.14247
15 35 2.04775 0
15 40 2.04775 0
15 45 2.04775 0
15 50 2.04775 0
15 55 2.04775 0
15 60 2.04775 0
15 65 2.04775 0
15 70 2.04775 0
15 75 2.04775 0
15 80 2.04775 0
15 85 2.04775 0
15 90 2.04775 0
15 95 2.04775 0
15 100 2.04775 0
15 105 2.04775 0
15 110 2.04775 0
15 115 2.04775 0
15 120 2.04775 0
15 125 2.04775 0
15 130 2.04775 0
15 135 2.04775 0
15 140 2.04775 0
15 145 2.04775 0
15 150 2.04775 0
15 155 2.04775 0
15 160 2.04775 0
15 165 2.04775 0
15 170 2.04775 0
15 175 2.04775 0
15 180 2.04775 0
15 185 2.04775 0
15 190 2.04775 0
15 195 2.04775 0
15 200 2.04775 0
15 205 2.04775 0
15 210 2.04775 0
15 215 2.04775 0
15 220 2.04775 0
15 225 2.04775 0
15 230 0.221861 -1.14704
15 235 0.254983 -1.1512
15 240 0.292967 -1.15258
15 245 0.518194 -1.10991
15 250 0.825165 -0.982627
15 255 1.36274 -0.318814
20 5 1.0363 0.839377
20 10 0.662003 1.06122
20 15 0.335708 1.14852
20 20 0.274155 1.15181
20 25 0.228047 1.14913
20 30 0.228049 1.14247
20 35 2.04775 0
20 40 2.04775 0
20 45 2.04775 0
20 50 2.04775 0
20 55 2.04775 0
20 60 2.04775 0
20 65 2.04775 0
20 70 2.04775 0
20 75 2.04775 0
20 80 2.04775 0
20 85 2.04775 0
20 90 2.04775 0
20 95 2.04775 0
20 100 2.04775 0
20 105 2.04775 0
20 110 2.04775 0
20 115 2.04775 0
20 120 2.04775 0
20 125 2.04775 0
20 130 2.04775 0
20 135 2.04775 0
20 140 2.04775 0
20 145 2.04775 0
20 150 2.04775 0
20 155 2.04775 0
20 160 2.04775 0
20 165 2.04775 0
20 170 2.04775 0
20 175 2.04775 0
20 180 2.04775 0
20 185 2.04775 0
20 190 2.04775 0
20 195 2.04775 0
20 200 2.04775 0
20 205 2.04775 0
20 210 2.04775 0
20 215 2.04775 0
20 220 2.04775 0
20 225 2.04775 0
20 230 0.221861 -1.14704
20 235 0.254983 -1.1512
20 240 0.292967 -1.15258
20 245 0.518194 -1.10991
20 250 0.825165 -0.982627
20 255 1.36274 -0.318814
25 5 1.0363 0.839377
25 10 0.662003 1.06122
25 15 0.335708 1.14852
25 20 0.274155 1.15181
25 25 0.228047 1.14913
25 30 0.228049 1.14247
25 35 2.04775 0
25 40 2.04775 0
25 45 2.04775 0
25 50 2.04775 0
25 55 2.04775 0
25 60 2.04775 0
25 65 2.04775 0
25 70 2.04775 0
25 75 2.04775 0
25 80 2.04775 0
25 85 2.04775 0
25 90 2.04775 0
25 95 2.04775 0
25 100 2.04775 0
25 105 2.04775 0
25 110 2.04775 0
25 115 2.04775 0
25 120 2.04775 0
25 125 2.04775 0
25 130 2.04775 0
25 135 2.04775 0
25 140 2.04775 0
25 145 2.04775 0
25 150 2.04775 0
25 155 2.04775 0
25 160 2.04775 0
25 165 2.04775 0
25 170 2.04775 0
25 175 2.04775 0
25 180 2.04775 0
25 185 2.04775 0
25 190 2.04775 0
25 195 2.04775 0
25 200 2.04775 0
25 205 2.04775 0
25 210 2.04775 0
25 215 2.04775 0
25 220 2.04775 0
25 225 2.04775 0
25 230 0.221861 -1.14704
25 235 0.254983 -1.1512
25 240 0.292967 -1.15258
25 245 0.518194 -1.10991
25 250 0.825165 -0.982627
25 255 1.36274 -0.318814
30 5 1.0363 0.839377
30 10 0.662003 1.06122
30 15 0.335708 1.14852
30 20 0.274155 1.15181
30 25 0.228047 1.14913
30 30 0.228049 1.14247
30 35 2.04775 0
30 40 2.04775 0
30 45 2.04775 0
30 50 2.04775 0
30 55 2.04775 0
30 60 2.04775 0
30 65 2.04775 0
30 70 2.04775 0
30 75 2.04775 0
30 80 2.04775 0
30 85 2.04775 0
30 90 2.04775 0
30 95 2.04775 0
30 100 2.04775 0
30 105 2.04775 0
30 110 2.04775 0
30 115 2.04775 0
30 120 2.04775 0
30 125 2.04775 0
30 130 2.04775 0
30 135 2.04775 0
30 140 2.04775 0
30 145 2.04775 0
30 150 2.04775 0
30 155 2.04775 0
30 160 2.04775 0
30 165 2.04775 0
30 170 2.04775 0
30 175 2.04775 0
30 180 2.04775 0
30 185 2.04775 0
30 190 2.04775 0
30 195 2.04775 0
30 200 2.04775 0
30 205 2.04775 0
30 210 2.04775 0
30 215 2.04775 0
30 220 2.04775 0
30 225 2.04775 0
30 230 0.221861 -1.14704
30 235 0.254983 -1.1512
30 240 0.292967 -1.15258
30 245 0.518194 -1.10991
30 250 0.825165 -0.982627
30 255 1.36274 -0.318814
35 5 1.0363 0.839377
35 10 0.662003 1.06122
35 15 0.335708 1.14852
35 20 0.274155 1.15181
35 25 0.228047 1.14913
35 30 0.228049 1.14247
35 35 2.04775 0
35 40 2.04775 0
35 45 2.04775 0
35 50 2.04775 0
35 55 2.04775 0
35 60 2.04775 0
35 65 2.04775 0
35 70 2.04775 0
35 75 2.04775 0
35 80 2.04775 0
35 85 2.04775 0
35 90 2.04775 0
35 95 2.04775 0
35 100 2.04775 0
35 105 2.04775 0
35 110 2.04775 0
35 115 2.04775 0
35 120 2.04775 0
35 125 2.04775 0
35 130 2.04775 0
35 135 2.04775 0
35 140 2.04775 0
35 145 2.04775 0
35 150 2.04775 0
35 155 2.04775 0
35 160 2.04775 0
35 165 2.04775 0
35 170 2.04775 0
35 175 2.04775 0
35 180 2.04775 0
35 185 2.04775 0
35 190 2.04775 0
35 195 2.04775 0
35 200 2.04775 0
35 205 2.04775 0
35 210 2.04775 0
35 215 2.04775 0
35 220 2.04775 0
35 225 2.04775 0
35 230 0.221861 -1.14704
35 235 0.254983 -1.1512
35 240 0.292967 -1.15258
35 245 0.518194 -1.10991
35 250 0.825165 -0.982627
35 255 1.36274 -0.318814
40 5 1.0363 0.839377
40 10 0.662003 1.06122
40 15 0.335708 1.14852
40 20 0.274155 1.15181
40 25 0.228047 1.14913
40 30 0.228049 1.14247
40 35 2.04775 0
40 40 2.04775 0
40 45 2.04775 0
40 50 2.04775 0
40 55 2.04775 0
40 60 2.04775 0
40 65 2.04775 0
40 70 2.04775 0
40 75 2.04775 0
40 80 2.04775 0
40 85 2.04775 0
40 90 2.04775 0
40 95 2.04775 0
40 100 2.04775 0
40 105 2.04775 0
40 110 2.04775 0
40 115 2.04775 0
40 120 2.04775 0
40 125 2.04775 0
40 130 2.04775 0
40 135 2.04775 0
40 140 2.04775 0
40 145 2.04775 0
40 150 2.04775 0
40 155 2.04775 0
40 160 2.04775 0
40 165 2.04775 0
40 170 2.04775 0
40 175 2.04775 0
40 180 2.04775 0
40 185 2.04775 0
40 190 2.04775 0
40 195 2.04775 0
40 200 2.04775 0
40 205 2.04775 0
40 210 2.04775 0
40 215 2.04775 0
40 220 2.04775 0
40 225 2.04775 0
40 230 0.221861 -1.14704
40 235 0.254983 -1.1512
40 240 0.292967 -1.15258
40 245 0.518194 -1.10991
40 250 0.825165 -0.982627
40 255 1.36274 -0.318814
45 5 1.0363 0.839377
45 10 0.662003 1.06122
45 15 0.335708 1.14852
45 20 0.274155 1.15181
45 25 0.228047 1.14913
45 30 0.228049 1.14247
45 35 2.04775 0
45 40 2.04775 0
45 45 2.04775 0
45 50 2.04775 0
45 55 2.04775 0
45 60 2.04775 0
45 65 2.04775 0
45 70 2.04775 0
45 75 2.04775 0
45 80 2.04775 0
45 85 2.04775 0
45 90 2.04775 0
45 95 2.04775 0
45 100 2.04775 0
45 105 2.04775 0
45 110 2.04775 0
45 115 2.04775 0
45 120 2.04775 0
45 125 2.04775 0
45 130 2.04775 0
45 135 2.04775 0
45 140 2.04775 0
45 145 2.04775 0
45 150 2.04775 0
45 155 2.04775 0
45 160 2.04775 0
45 165 2.04775 0
45 170 2.04775 0
45 175 2.04775 0
45 180 2.04775 0
45 185 2.04775 0
45 190 2.04775 0
45 195 2.04775 0
45 200 2.04775 0
45 205 2.04775 0
45 210 2.04775 0
45 215 2.04775 0
45 220 2.04775 0
45 225 2.04775 0
45 230 0.221861 -1.14704
45 235 0.254983 -1.1512
45 240 0.292967 -1.15258
45 245 0.518194 -1.10991
45 250 0.825165 -0.982627
45 255 1.36274 -0.318814
50 5 1.0363 0.839377
50 10 0.662003 1.06122
50 15 0.335708 1.14852
50 20 0.274155 1.15181
50 25 0.228047 1.14913
50 30 0.228049 1.14247
50 35 2.04775 0
50 40 2.04775 0
50 45 2.04775 0
50 50 2.04775 0
50 55 2.04775 0
50 60 2.04775 0
50 65 2.04775 0
50 70 2.04775 0
50 75 2.04775 0
50 80 2.04775 0
50 85 2.04775 0
50 90 2.04775 0
50 95 2.04775 0
50 100 2.04775 0
50 105 2.04775 0
50 110 2.04775 0
50 115 2.04775 0
50 120 2.04775 0
50 125 2.04775 0
50 130 2.04775 0
50 135 2.04775 0
50 140 2.04775 0
50 145 2.04775 0
50 150 2.04775 0
50 155 2.04775 0
50 160 2.04775 0
50 165 2.04775 0
50 170 2.04775 0
50 175 2.04775 0
50 180 2.04775 0
50 185 2.04775 0
50 190 2.04775 0
50 195 2.04775 0
50 200 2.04775 0
50 205 2.04775 0
50 210 2.04775 0
50 215 2.04775 0
50 220 2.04775 0
50 225 2.04775 0
50 230 0.221861 -1.14704
50 235 0.254983 -1.1512
50 240 0.292967 -1.15258
50 245 0.518194 -1.10991
50 250 0.825165 -0.982627
50 255 1.36274 -0.318814
55 5 1.0363 0.839377
55 10 0.662003 1.06122
55 15 0.335708 1.14852
55 20 0.274155 1.15181
55 25 0.228047 1.14913
55 30 0.228049 1.14247
55 35 2.04775 0
55 40 2.04775 0
55 45 2.04775 0
55 50 2.04775 0
55 55 2.04775 0
55 60 2.04775 0
55 65 2.04775 0
55 70 2.04775 0
55 75 2.04775 0
55 80 2.04775 0
55 85 2.04775 0
55 90 2.04775 0
55 95 2.04775 0
55 100 2.04775 0
55 105 2.04775 0
55 110 2.04775 0
55 115 2.04775 0
55 120 2.04775 0
55 125 2.04775 0
55 130 2.04775 0
55 135 2.04775 0
55 140 2.04775 0
55 145 2.04775 0
55 150 2.04775 0
55 155 2.04775 0
55 160 2.04775 0
55 165 2.04775 0
55 170 2.04775 0
55 175 2.04775 0
55 180 2.04775 0
55 185 2.04775 0
55 190 2.04775 0
55 195 2.04775 0
55 200 2.04775 0
55 205 2.04775 0
55 210 2.04775 0
55 215 2.04775 0
55 220 2.04775 0
55 225 2.04775 0
55 230 0.221861 -1.14704
55 235 0.254983 -1.1512
55 240 0.292967 -1.15258
55 245 0.518194 -1.10991
55 250 0.825165 -0.982627
55 255 1.36274 -0.318814
60 5 1.0363 0.839377
60 10 0.662003 1.06122
60 15 0.335708 1.14852
60 20 0.274155 1.15181
60 25 0.228047 1.14913
60 30 0.228049 1.14247
60 35 2.04775 0
60 40 2.04775 0
60 45 2.04775 0
60 50 2.04775 0
60 55 2.04775 0
60 60 2.04775 0
60 65 2.04775 0
60 70 2.04775 0
60 75 2.04775 0
60 80 2.04775 0
60 85 2.04775 0
60 90 2.04775 0
60 95 2.04775 0
60 100 2.04775 0
60 105 2.04775 0
60 110 2.04775 0
60 115 2.04775 0
60 120 2.04775 0
60 125 2.04775 0
60 130 2.04775 0
60 135 2.04775 0
60 140 2.04775 0
60 145 2.04775 0
60 150 2.04775 0
60 155 2.04775 0
60 160 2.04775 0
60 165 2.04775 0
60 170 2.04775 0
60 175 2.04775 0
60 180 2.04775 0
60 185 2.04775 0
60 190 2.04775 0
60 195 2.04775 0
60 200 2.04775 0
60 205 2.04775 0
60 210 2.04775 0
60 215 2.04775 0
60 220 2.04775 0
60 225 2.04775 0
60 230 0.221861 -1.14704
60 235 0.254983 -1.1512
60 240 0.292967 -1.15258
60 245 0.518194 -1.10991
60 250 0.825165 -0.982627
60 255 1.36274 -0.318814
65 5 1.0363 0.839377
65 10 0.662003 1.06122
65 15 0.335708 1.14852
65 20 0.274155 1.15181
65 25 0.228047 1.14913
65 30 0.228049 1.14247
65 35 2.04775 0
65 40 2.04775 0
65 45 2.04775 0
65 50 2.04775 0
65 55 2.04775 0
65 60 2.04775 0
65 65 2.04775 0
65 70 2.04775 0
65 75 2.04775 0
65 80 2.04775 0
65 85 2.04775 0
65 90 2.04775 0
65 95 2.04775 0
65 100 2.04775 0
65 105 2.04775 0
65 110 2.04775 0
65 115 2.04775 0
65 120 2.04775 0
65 125 2.04775 0
65 130 2.04775 0
65 135 2.04775 0
65 140 2.04775 0
65 145 2.04775 0
65 150 2.04775 0
65 155 2.04775 0
65 160 2.04775 0
65 165 2.04775 0
65 170 2.04775 0
65 175 2.04775 0
65 180 2.04775 0
65 185 2.04775 0
65 190 2.04775 0
65 195 2.04775 0
65 200 2.04775 0
65 205 2.04775 0
65 210 2.04775 0
65 215 2.04775 0
65 220 2.04775 0
65 225 2.04775 0
65 230 0.221861 -1.14704
65 235 0.254983 -1.1512
65 240 0.292967 -1.15258
65 245 0.518194 -1.10991
65 250 0.825165 -0.982627
65 255 1.36274 -0.318814
70 5 1.0363 0.839377
70 10 0.662003 1.06122
70 15 0.335708 1.14852
70 20 0.274155 1.15181
70 25 0.228047 1.14913
70 30 0.228049 1.14247
70 35 2.04775 0
70 40 2.04775 0
70 45 2.04775 0
70 50 2.04775 0
70 55 2.04775 0
70 60 2.04775 0
70 65 2.04775 0
70 70 2.04775 0
70 75 2.04775 0
70 80 2.04775 0
70 85 2.04775 0
70 90 2.04775 0
70 95 2.04775 0
70 100 2.04775 0
70 105 2.04775 0
70 110 2.04775 0
70 115 2.04775 0
70 120 2.04775 0
70 125 2.04775 0
70 130 2.04775 0
70 135 2.04775 0
70 140 2.04775 0
70 145 2.04775 0
70 150 2.04775 0
70 155 2.04775 0
70 160 2.04775 0
70 165 2.04775 0
70 170 2.04775 0
70 175 2.04775 0
70 180 2.04775 0
70 185 2.04775 0
70 190 2.04775 0
70 195 2.04775 0
70 200 2.04775 0
70 205 2.04775 0
70 210 2.04775 0
70 215 2.04775 0
70 220 2.04775 0
70 225 2.04775 0
70 230 0.221861 -1.14704
70 235 0.254983 -1.1512
70 240 0.292967 -1.15258
70 245 0.518194 -1.10991
70 250 0.825165 -0.982627
70 255 1.36274 -0.318814
75 5 1.0363 0.839377
75 10 0.662003 1.06122
75 15 0.335708 1.14852
75 20 0.274155 1.15181
75 25 0.228047 1.14913
75 30 0.228049 1.14247
75 35 2.04775 0
75 40 2.04775 0
75 45 2.04775 0
75 50 2.04775 0
75 55 2.04775 0
75 60 2.04775 0
75 65 2.04775 0
75 70 2.04775 0
75 75 2.04775 0
75 80 2.04775 0
75 85 2.04775 0
75 90 2.04775 0
75 95 2.04775 0
75 100 2.04775 0
75 105 2.04775 0
75 110 2.04775 0
75 115 2.04775 0
75 120 2.04775 0
75 125 2.04775 0
75 130 2.04775 0
75 135 2.04775 0
75 140 2.04775 0
75 145 2.04775 0
75 150 2.04775 0
75 155 2.04775 0
75 160 2.04775 0
75 165 2.04775 0
75 170 2.04775 0
75 175 2.04775 0
75 180 2.04775 0
75 185 2.04775 0
75 190 2.04775 0
75 195 2.04775 0
75 200 2.04775 0
75 205 2.04775 0
75 210 2.04775 0
75 215 2.04775 0
75 220 2.04775 0
75 225 2.04775 0
75 230 0.221861 -1.14704
75 235 0.254983 -1.1512
75 240 0.292967 -1.15258
75 245 0.518194 -1.10991
75 250 0.825165 -0.982627
75 255 1.36274 -0.318814
80 5 1.0363 0.839377
80 10 0.662003 1.06122
80 15 0.335708 1.14852
80 20 0.274155 1.15181
80 25 0.228047 1.14913
80 30 0.228049 1.14247
80 35 2.04775 0
80 40 2.04775 0
80 45 2.04775 0
80 50 2.04775 0
80 55 2.04775 0
80 60 2.04775 0
80 65 2.04775 0
80 70 2.04775 0
80 75 2.04775 0
80 80 2.04775 0
80 85 2.04775 0
80 90 2.04775 0
80 95 2.04775 0
80 100 2.04775 0
80 105 2.04775 0
80 110 2.04775 0
80 115 2.04775 0
80 120 2.04775 0
80 125 2.04775 0
80 130 2.04775 0
80 135 2.04775 0
80 140 2.04775 0
80 145 2.04775 0
80 150 2.04775 0
80 155 2.04775 0
80 160 2.04775 0
80 165 2.04775 0
80 170 2.04775 0
80 175 2.04775 0
80 180 2.04775 0
80 185 2.04775 0
80 190 2.04775 0
80 195 2.04775 0
80 200 2.04775 0
80 205 2.04775 0
80 210 2.04775 0
80 215 2.04775 0
80 220 2.04775 0
80 225 2.04775 0
80 230 0.221861 -1.14704
80 235 0.254983 -1.1512
80 240 0.292967 -1.15258
80 245 0.518194 -1.10991
80 250 0.825165 -0.982627
80 255 1.36274 -0.318814
85 5 1.0363 0.839377
85 10 0.662003 1.06122
85 15 0.335708 1.14852
85 20 0.274155 1.15181
85 25 0.228047 1.14913
85 30 0.228049 1.14247
85 35 2.04775 0
85 40 2.04775 0
85 45 2.04775 0
85 50 2.04775 0
85 55 2.04775 0
85 60 2.04775 0
85 65 2.04775 0
85 70 2.04775 0
85 75 2.04775 0
85 80 2.04775 0
85 85 2.04775 0
85 90 2.04775 0
85 95 2.04775 0
85 100 2.04775 0
85 105 2.04775 0
85 110 2.04775 0
85 115 2.04775 0
85 120 2.04775 0
85 125 2.04775 0
85 130 2.04775 0
85 135 2.04775 0
85 140 2.04775 0
85 145 2.04775 0
85 150 2.04775 0
85 155 2.04775 0
85 160 2.04775 0
85 165 2.04775 0
85 170 2.04775 0
85 175 2.04775 0
85 180 2.04775 0
85 185 2.04775 0
85 190 2.04775 0
85 195 2.04775 0
85 200 2.04775 0
85 205 2.04775 0
85 210 2.04775 0
85 215 2.04775 0
85 220 2.04775 0
85 225 2.04775 0
85 230 0.221861 -1.14704
85 235 0.254983 -1.1512
85 240 0.292967 -1.15258
85 245 0.518194 -1.10991
85 250 0.825165 -0.982627
85 255 1.36274 -0.318814
90 5 1.0363 0.839377
90 10 0.662003 1.06122
90 15 0.335708 1.14852
90 20 0.274155 1.15181
90 25 0.228047 1.14913
90 30 0.228049 1.14247
90 35 2.04775 0
90 40 2.04775 0
90 45 2.04775 0
90 50 2.04775 0
90 55 2.04775 0
90 60 2.04775 0
90 65 2.04775 0
90 70 2.04775 0
90 75 2.04775 0
90 80 2.04775 0
90 85 2.04775 0
90 90 2.04775 0
90 95 2.04775 0
90 100 2.04775 0
90 105 2.04775 0
90 110 2.04775 0
90 115 2.04775 0
90 120 2.04775 0
90 125 2.04775 0
90 130 2.04775 0
90 135 2.04775 0
90 140 2.04775 0
90 145 2.04775 0
90 150 2.04775 0
90 155 2.04775 0
90 160 2.04775 0
90 165 2.04775 0
90 170 2.04775 0
90 175 2.04775 0
90 180 2.04775 0
90 185 2.04775 0
90 190 2.04775 0
90 195 2.04775 0
90 200 2.04775 0
90 205 2.04775 0
90 210 2.04775 0
90 215 2.04775 0
90 220 2.04775 0
90 225 2.04775 0
90 230 0.221861 -1.14704
90 235 0.254983 -1.1512
90 240 0.292967 -1.15258
90 245 0.518194 -1.10991
90 250 0.825165 -0.982627
90 255 1.36274 -0.318814
95 5 1.0363 0.839377
95 10 0.662003 1.06122
95 15 0.335708 1.14852
95 20 0.274155 1.15181
95 25 0.228047 1.14913
95 30 0.228049 1.14247
95 35 2.04775 0
95 40 2.04775 0
95 45 2.04775 0
95 50 2.04775 0
95 55 2.04775 0
95 60 2.04775 0
95 65 2.04775 0
95 70 2.04775 0
95 75 2.04775 0
95 80 2.04775 0
95 85 2.04775 0
95 90 2.04775 0
95 95 2.04775 0
95 100 2.04775 0
95 105 2.04775 0
95 110 2.04775 0
95 115 2.04775 0
95 120 2.04775 0
95 125 2.04775 0
95 130 2.04775 0
95 135 2.04775 0
95 140 2.04775 0
95 145 2.04775 0
95 150 2.04775 0
95 155 2.04775 0
95 160 2.04775 0
95 165 2.04775 0
95 170 2.04775 0
95 175 2.04775 0
95 180 2.04775 0
95 185 2.04775 0
95 190 2.04775 0
95 195 2.04775 0
95 200 2.04775 0
95 205 2.04775 0
95 210 2.04775 0
95 215 2.04775 0
95 220 2.04775 0
95 225 2.04775 0
95 230 0.221861 -1.14704
95 235 0.254983 -1.1512
95 240 0.292967 -1.15258
95 245 0.518194 -1.10991
95 250 0.825165 -0.982627
95 255 1.36274 -0.318814
100 5 1.0363 0.839377
100 10 0.662003 1.06122
100 15 0.335708 1.14852
100 20 0.274155 1.15181
100 25 0.228047 1.14913
100 30 0.228049 1.14247
100 35 2.04775 0
100 40 2.04775 0
100 45 2.04775 0
100 50 2.04775 0
100 55 2.04775 0
100 60 2.04775 0
100 65 2.04775 0
100 70 2.04775 0
100 75 2.04775 0
100 80 2.04775 0
100 85 2.04775 0
100 90 2.04775 0
100 95 2.04775 0
100 100 2.04775 0
100 105 2.04775 0
100 110 2.04775 0
100 115 2.04775 0
100 120 2.04775 0
100 125 2.04775 0
100 130 2.04775 0
100 135 2.04775 0
100 140 2.04775 0
100 145 2.04775 0
100 150 2.04775 0
100 155 2.04775 0
100 160 2.04775 0
100 165 2.04775 0
100 170 2.04775 0
100 175 2.04775 0
100 180 2.04775 0
100 185 2.04775 0
100 190 2.04775 0
100 195 2.04775 0
100 200 2.04775 0
100 205 2.04775 0
100 210 2.04775 0
100 215 2.04775 0
100 220 2.04775 0
100 225 2.04775 0
100 230 0.221861 -1.14704
100 235 0.254983 -1.1512
100 240 0.292967 -1.15258
100 245 0.518194 -1.10991
100 250 0.825165 -0.982627
100 255 1.36274 -0.318814
105 5 1.0363 0.839377
105 10 0.662003 1.06122
105 15 0.335708 1.14852
105 20 0.274155 1.15181
105 25 0.228047 1.14913
105 30 0.228049 1.14247
105 35 2.04775 0
105 40 2.04775 0
105 45 2.04775 0
105 50 2.04775 0
105 55 2.04775 0
105 60 2.04775 0
105 65 2.04775 0
105 70 2.04775 0
105 75 2.04775 0
105 80 2.04775 0
105 85 2.04775 0
105 90 2.04775 0
105 95 2.04775 0
105 100 2.04775 0
105 105 2.04775 0
105 110 2.04775 0
105 115 2.04775 0
105 120 2.04775 0
105 125 2.04775 0
105 130 2.04775 0
105 135 2.04775 0
105 140 2.04775 0
105 145 2.04775 0
105 150 2.04775 0
105 155 2.04775 0
105 160 2.04775 0
105 165 2.04775 0
105 170 2.04775 0
105 175 2.04775 0
105 180 2.04775 0
105 185 2.04775 0
105 190 2.04775 0
105 195 2.04775 0
105 200 2.04775 0
105 205 2.04775 0
105 210 2.04775 0
105 215 2.04775 0
105 220 2.04775 0
105 225 2.04775 0
105 230 0.221861 -1.14704
105 235 0.254983 -1.1512
105 240 0.292967 -1.15258
105 245 0.518194 -1.10991
105 250 0.825165 -0.982627
105 255 1.36274 -0.318814
110 5 1.0363 0.839377
110 10 0.662003 1.06122
110 15 0.335708 1.14852
110 20 0.274155 1.15181
110 25 0.228047 1.14913
110 30 0.228049 1.14247
110 35 2.04775 0
110 40 2.04775 0
110 45 2.04775 0
110 50 2.04775 0
110 55 2.04775 0
110 60 2.04775 0
110 65 2.04775 0
110 70 2.04775 0
110 75 2.04775 0
110 80 2.04775 0
110 85 2.04775 0
110 90 2.04775 0
110 95 2.04775 0
110 100 2.04775 0
110 105 2.04775 0
110 110 2.04775 0
110 115 2.04775 0
110 120 2.04775 0
110 125 2.04775 0
110 130 2.04775 0
110 135 2.04775 0
110 140 2.04775 0
110 145 2.04775 0
110 150 2.04775 0
110 155 2.04775 0
110 160 2.04775 0
110 165 2.04775 0
110 170 2.04775 0
110 175 2.04775 0
110 180 2.04775 0
110 185 2.04775 0
110 190 2.04775 0
110 195 2.04775 0
110 200 2.04775 0
110 205 2.04775 0
110 210 2.04775 0
110 215 2.04775 0
110 220 2.04775 0
110 225 2.04775 0
110 230 0.221861 -1.14704
110 235 0.254983 -1.1512
110 240 0.292967 -1.15258
110 245 0.518194 -1.10991
110 250 0.825165 -0.982627
110 255 1.36274 -0.318814
115 5 1.0363 0.839377
115 10 0.662003 1.06122
115 15 0.335708 1.14852
115 20 0.274155 1.15181
115 25 0.228047 1.14913
115 30 0.228049 1.14247
115 35 2.04775 0
115 40 2.04775 0
115 45 2.04775 0
115 50 2.04775 0
115 55 2.04775 0
115 60 2.04775 0
115 65 2.04775 0
115 70 2.04775 0
115 75 2.04775 0
115 80 2.04775 0
115 85 2.04775 0
115 90 2.04775 0
115 95 2.04775 0
115 100 2.04775 0
115 105 2.04775 0
115 110 2.04775 0
115 115 2.04775 0
115 120 2.04775 0
115 125 2.04775 0
115 130 2.04775 0
115 135 2.04775 0
115 140 2.04775 0
115 145 2.04775 0
115 150 2.04775 0
115 155 2.04775 0
115 160 2.04775 0
115 165 2.04775 0
115 170 2.04775 0
115 175 2.04775 0
115 180 2.04775 0
115 185 2.04775 0
115 190 2.04775 0
115 195 2.04775 0
115 200 2.04775 0
115 205 2.04775 0
115 210 2.04775 0
115 215 2.04775 0
115 220 2.04775 0
115 225 2.04775 0
115 230 0.221861 -1.14704
115 235 0.254983 -1.1512
115 240 0.292967 -1.15258
115 245 0.518194 -1.10991
115 250 0.825165 -0.982627
115 255 1.36274 -0.318814
120 5 1.0363 0.839377
120 10 0.662003 1.06122
120 15 0.335708 1.14852
120 20 0.274155 1.15181
120 25 0.228047 1.14913
120 30 0.228049 1.14247
120 35 2.04775 0
120 40 2.04775 0
120 45 2.04775 0
120 50 2.04775 0
120 55 2.04775 0
120 60 2.04775 0
120 65 2.04775 0
120 70 2.04775 0
120 75 2.04775 0
120 80 2.04775 0
120 85 2.04775 0
120 90 2.04775 0
120 95 2.04775 0
120 100 2.04775 0
120 105 2.04775 0
120 110 2.04775 0
120 115 2.04775 0
120 120 2.04775 0
120 125 2.04775 0
120 130 2.04775 0
120 135 2.04775 0
120 140 2.04775 0
120 145 2.04775 0
120 150 2.04775 0
120 155 2.04775 0
120 160 2.04775 0
120 165 2.04775 0
120 170 2.04775 0
120 175 2.04775 0
120 180 2.04775 0
120 185 2.04775 0
120 190 2.04775 0
120 195 2.04775 0
120 200 2.04775 0
120 205 2.04775 0
120 210 2.04775 0
120 215 2.04775 0
120 220 2.04775 0
120 225 2.04775 0
120 230 0.221861 -1.14704
120 235 0.254983 -1.1512
120 240 0.292967 -1.15258
120 245 0.518194 -1.10991
120 250 0.825165 -0.982627
120 255 1.36274 -0.318814
125 5 1.0363 0.839377
125 10 0.662003 1.06122
125 15 0.335708 1.14852
125 20 0.274155 1.15181
125 25 0.228047 1.14913
125 30 0.228049 1.14247
125 35 2.04775 0
125 40 2.04775 0
125 45 2.04775 0
125 50 2.04775 0
125 55 2.04775 0
125 60 2.04775 0
125 65 2.04775 0
125 70 2.04775 0
125 75 2.04775 0
125 80 2.04775 0
125 85 2.04775 0
125 90 2.04775 0
125 95 2.04775 0
125 100 2.04775 0
125 105 2.04775 0
125 110 2.04775 0
125 115 2.04775 0
125 120 2.04775 0
125 125 2.04775 0
125 130 2.04775 0
125 135 2.04775 0
125 140 2.04775 0
125 145 2.04775 0
125 150 2.04775 0
125 155 2.04775 0
125 160 2.04775 0
125 165 2.04775 0
125 170 2.04775 0
125 175 2.04775 0
125 180 2.04775 0
125 185 2.04775 0
125 190 2.04775 0
125 195 2.04775 0
125 200 2.04775 0
125 205 2.04775 0
125 210 2.04775 0
125 215 2.04775 0
125 220 2.04775 0
125 225 2.04775 0
125 230 0.221861 -1.14704
125 235 0.254983 -1.1512
125 240 0.292967 -1.15258
125 245 0.518194 -1.10991
125 250 0.825165 -0.982627
125 255 1.36274 -0.318814
130 5 1.0363 0.839377
130 10 0.662003 1.06122
130 15 0.335708 1.14852
130 20 0.274155 1.15181
130 25 0.228047 1.14913
130 30 0.228049 1.14247
130 35 2.04775 0
130 40 2.04775 0
130 45 2.04775 0
130 50 2.04775 0
130 55 2.04775 0
130 60 2.04775 0
130 65 2.04775 0
130 70 2.04775 0
130 75 2.04775 0
130 80 2.04775 0
130 85 2.04775 0
130 90 2.04775 0
130 95 2.04775 0
130 100 2.04775 0
130 105 2.04775 0
130 110 2.04775 0
130 115 2.04775 0
130 120 2.04775 0
130 125 2.04775 0
130 130 2.04775 0
130 135 2.04775 0
130 140 2.04775 0
130 145 2.04775 0
130 150 2.04775 0
130 155 2.04775 0
130 160 2.04775 0
130 165 2.04775 0
130 170 2.04775 0
130 175 2.04775 0
130 180 2.04775 0
130 185 2.04775 0
130 190 2.04775 0
130 195 2.04775 0
130 200 2.04775 0
130 205 2.04775 0
130 210 2.04775 0
130 215 2.04775 0
130 220 2.04775 0
130 225 2.04775 0
130 230 0.221861 -1.14704
130 235 0.254983 -1.1512
130 240 0.292967 -1.15258
130 245 0.518194 -1.10991
130 250 0.825165 -0.982627
130 255 1.36274 -0.318814
135 5 1.0363 0.839377
135 10 0.662003 1.06122
135 15 0.335708 1.14852
135 20 0.274155 1.15181
135 25 0.228047 1.14913
135 30 0.228049 1.14247
135 35 2.04775 0
135 40 2.04775 0
135 45 2.04775 0
135 50 2.04775 0
135 55 2.04775 0
135 60 2.04775 0
135 65 2.04775 0
135 70 2.04775 0
135 75 2.04775 0
135 80 2.04775 0
135 85 2.04775 0
135 90 2.04775 0
135 95 2.04775 0
135 100 2.04775 0
135 105 2.04775 0
135 110 2.04775 0
135 115 2.04775 0
135 120 2.04775 0
135 125 2.04775 0
135 130 2.04775 0
135 135 2.04775 0
135 140 2.04775 0
135 145 2.04775 0
135 150 2.04775 0
135 155 2.04775 0
135 160 2.04775 0
135 165 2.04775 0
135 170 2.04775 0
135 175 2.04775 0
135 180 2.04775 0
135 185 2.04775 0
135 190 2.04775 0
135 195 2.04775 0
135 200 2.04775 0
135 205 2.04775 0
135 210 2.04775 0
135 215 2.04775 0
135 220 2.04775 0
135 225 2.04775 0
135 230 0.221861 -1.14704
135 235 0.254983 -1.1512
135 240 0.292967 -1.15258
135 245 0.518194 -1.10991
135 250 0.825165 -0.982627
135 255 1.36274 -0.318814
140 5 1.0363 0.839377
140 10 0.662003 1.06122
140 15 0.335708 1.14852
140 20 0.274155 1.15181
140 25 0.228047 1.14913
140 30 0.228049 1.14247
140 35 2.04775 0
140 40 2.04775 0
140 45 2.04775 0
140 50 2.04775 0
140 55 2.04775 0
140 60 2.04775 0
140 65 2.04775 0
140 70 2.04775 0
140 75 2.04775 0
140 80 2.04775 0
140 85 2.04775 0
140 90 2.04775 0
140 95 2.04775 0
140 100 2.04775 0
140 105 2.04775 0
140 110 2.04775 0
140 115 2.04775 0
140 120 2.04775 0
140 125 2.04775 0
140 130 2.04775 0
140 135 2.04775 0
140 140 2.04775 0
140 145 2.04775 0
140 150 2.04775 0
140 155 2.04775 0
140 160 2.04775 0
140 165 2.04775 0
140 170 2.04775 0
140 175 2.04775 0
140 180 2.04775 0
140 185 2.04775 0
140 190 2.04775 0
140 195 2.04775 0
140 200 2.04775 0
140 205 2.04775 0
140 210 2.04775 0
140 215 2.04775 0
140 220 2.04775 0
140 225 2.04775 0
140 230 0.221861 -1.14704
140 235 0.254983 -1.1512
140 240 0.292967 -1.15258
140 245 0.518194 -1.10991
140 250 0.825165 -0.982627
140 255 1.36274 -0.318814
145 5 1.0363 0.839377
145 10 0.662003 1.06122
145 15 0.335708 1.14852
145 20 0.274155 1.15181
145 25 0.228047 1.14913
145 30 0.228049 1.14247
145 35 2.04775 0
145 40 2.04775 0
145 45 2.04775 0
145 50 2.04775 0
145 55 2.04775 0
145 60 2.04775 0
145 65 2.04775 0
145 70 2.04775 0
145 75 2.04775 0
145 80 2.04775 0
145 85 2.04775 0
145 90 2.04775 0
145 95 2.04775 0
145 100 2.04775 0
145 105 2.04775 0
145 110 2.04775 0
145 115 2.04775 0
145 120 2.04775 0
145 125 2.04775 0
145 130 2.04775 0
145 135 2.04775 0
145 140 2.04775 0
145 145 2.04775 0
145 150 2.04775 0
145 155 2.04775 0
145 160 2.04775 0
145 165 2.04775 0
145 170 2.04775 0
145 175 2.04775 0
145 180 2.04775 0
145 185 2.04775 0
145 190 2.04775 0
145 195 2.04775 0
145 200 2.04775 0
145 205 2.04775 0
145 210 2.04775 0
145 215 2.04775 0
145 220 2.04775 0
145 225 2.04775 0
145 230 0.221861 -1.14704
145 235 0.254983 -1.1512
145 240 0.292967 -1.15258
145 245 0.518194 -1.10991
145 250 0.825165 -0.982627
145 255 1.36274 -0.318814
150 5 1.0363 0.839377
150 10 0.662003 1.06122
150 15 0.335708 1.14852
150 20 0.274155 1.15181
150 25 0.228047 1.14913
150 30 0.228049 1.14247
150 35 2.04775 0
150 40 2.04775 0
150 45 2.04775 0
150 50 2.04775 0
150 55 2.04775 0
150 60 2.04775 0
150 65 2.04775 0
150 70 2.04775 0
150 75 2.04775 0
150 80 2.04775 0
150 85 2.04775 0
150 90 2.04775 0
150 95 2.04775 0
150 100 2.04775 0
150 105 2.04775 0
150 110 2.04775 0
150 115 2.04775 0
150 120 2.04775 0
150 125 2.04775 0
150 130 2.04775 0
150 135 2.04775 0
150 140 2.04775 0
150 145 2.04775 0
150 150 2.04775 0
150 155 2.04775 0
150 160 2.04775 0
150 165 2.04775 0
150 170 2.04775 0
150 175 2.04775 0
150 180 2.04775 0
150 185 2.04775 0
150 190 2.04775 0
150 195 2.04775 0
150 200 2.04775 0
150 205 2.04775 0
150 210 2.04775 0
150 215 2.04775 0
150 220 2.04775 0
150 225 2.04775 0
150 230 0.221861 -1.14704
150 235 0.254983 -1.1512
150 240 0.292967 -1.15258
150 245 0.518194 -1.10991
150 250 0.825165 -0.982627
150 255 1.36274 -0.318814
155 5 1.0363 0.839377
155 10 0.662003 1.06122
155 15 0.335708 1.14852
155 20 0.274155 1.15181
155 25 0.228047 1.14913
155 30 0.228049 1.14247
155 35 2.04775 0
155 40 2.04775 0
155 45 2.04775 0
155 50 2.04775 0
155 55 2.04775 0
155 60 2.04775 0
155 65 2.04775 0
155 70 2.04775 0
155 75 2.04775 0
155 80 2.04775 0
155 85 2.04775 0
155 90 2.04775 0
155 95 2.04775 0
155 100 2.04775 0
155 105 2.04775 0
155 110 2.04775 0
155 115 2.04775 0
155 120 2.04775 0
155 125 2.04775 0
155 130 2.04775 0
155 135 2.04775 0
155 140 2.04775 0
155 145 2.04775 0
155 150 2.04775 0
155 155 2.04775 0
155 160 2.04775 0
155 165 2.04775 0
155 170 2.04775 0
155 175 2.04775 0
155 180 2.04775 0
155 185 2.04775 0
155 190 2.04775 0
155 195 2.04775 0
155 200 2.04775 0
155 205 2.04775 0
155 210 2.04775 0
155 215 2.04775 0
155 220 2.04775 0
155 225 2.04775 0
155 230 0.221861 -1.14704
155 235 0.254983 -1.1512
155 240 0.292967 -1.15258
155 245 0.518194 -1.10991
155 250 0.825165 -0.982627
155 255 1.36274 -0.318814
160 5 1.0363 0.839377
160 10 0.662003 1.06122
160 15 0.335708 1.14852
160 20 0.274155 1.15181
160 25 0.228047 1.14913
160 30 0.228049 1.14247
160 35 2.04775 0
160 40 2.04775 0
160 45 2.04775 0
160 50 2.04775 0
160 55 2.04775 0
160 60 2.04775 0
160 65 2.04775 0
160 70 2.04775 0
160 75 2.04775 0
160 80 2.04775 0
160 85 2.04775 0
160 90 2.04775 0
160 95 2.04775 0
160 100 2.04775 0
160 105 2.04775 0
160 110 2.04775 0
160 115 2.04775 0
160 120 2.04775 0
160 125 2.04775 0
160 130 2.04775 0
160 135 2.04775 0
160 140 2.04775 0
160 145 2.04775 0
160 150 2.04775 0
160 155 2.04775 0
160 160 2.04775 0
160 165 2.04775 0
160 170 2.04775 0
160 175 2.04775 0
160 180 2.04775 0
160 185 2.04775 0
160 190 2.04775 0
160 195 2.04775 0
160 200 2.04775 0
160 205 2.04775 0
160 210 2.04775 0
160 215 2.04775 0
160 220 2.04775 0
160 225 2.04775 0
160 230 0.221861 -1.14704
160 235 0.254983 -1.1512
160 240 0.292967 -1.15258
160 245 0.518194 -1.10991
160 250 0.825165 -0.982627
160 255 1.36274 -0.318814
165 5 1.0363 0.839377
165 10 0.662003 1.06122
165 15 0.335708 1.14852
165 20 0.274155 1.15181
165 25 0.228047 1.14913
165 30 0.228049 1.14247
165 35 2.04775 0
165 40 2.04775 0
165 45 2.04775 0
165 50 2.04775 0
165 55 2.04775 0
165 60 2.04775 0
165 65 2.04775 0
165 70 2.04775 0
165 75 2.04775 0
165 80 2.04775 0
165 85 2.04775 0
165 90 2.04775 0
165 95 2.04775 0
165 100 2.04775 0
165 105 2.04775 0
165 110 2.04775 0
165 115 2.04775 0
165 120 2.04775 0
165 125 2.04775 0
165 130 2.04775 0
165 135 2.04775 0
165 140 2.04775 0
165 145 2.04775 0
165 150 2.04775 0
165 155 2.04775 0
165 160 2.04775 0
165 165 2.04775 0
165 170 2.04775 0
165 175 2.04775 0
165 180 2.04775 0
165 185 2.04775 0
165 190 2.04775 0
165 195 2.04775 0
165 200 2.04775 0
165 205 2.04775 0
165 210 2.04775 0
165 215 2.04775 0
165 220 2.04775 0
165 225 2.04775 0
165 230 0.221861 -1.14704
165 235 0.254983 -1.1512
165 240 0.292967 -1.15258
165 245 0.518194 -1.10991
165 250 0.825165 -0.982627
165 255 1.36274 -0.318814
170 5 1.0363 0.839377
170 10 0.662003 1.06122
170 15 0.335708 1.14852
170 20 0.274155 1.15181
170 25 0.228047 1.14913
170 30 0.228049 1.14247
170 35 2.04775 0
170 40 2.04775 0
170 45 2.04775 0
170 50 2.04775 0
170 55 2.04775 0
170 60 2.04775 0
170 65 2.04775 0
170 70 2.04775 0
170 75 2.04775 0
170 80 2.04775 0
170 85 2.04775 0
170 90 2.04775 0
170 95 2.04775 0
170 100 2.04775 0
170 105 2.04775 0
170 110 2.04775 0
170 115 2.04775 0
170 120 2.04775 0
170 125 2.04775 0
170 130 2.04775 0
170 135 2.04775 0
170 140 2.04775 0
170 145 2.04775 0
170 150 2.04775 0
170 155 2.04775 0
170 160 2.04775 0
170 165 2.04775 0
170 170 2.04775 0
170 175 2.04775 0
170 180 2.04775 0
170 185 2.04775 0
170 190 2.04775 0
170 195 2.04775 0
170 200 2.04775 0
170 205 2.04775 0
170 210 2.04775 0
170 215 2.04775 0
170 220 2.04775 0
170 225 2.04775 0
170 230 0.221861 -1.14704
170 235 0.254983 -1.1512
170 240 0.292967 -1.15258
170 245 0.518194 -1.10991
170 250 0.825165 -0.982627
170 255 1.36274 -0.318814
175 5 1.0363 0.839377
175 10 0.662003 1.06122
175 15 0.335708 1.14852
175 20 0.274155 1.15181
175 25 0.228047 1.14913
175 30 0.228049 1.14247
175 35 2.04775 0
175 40 2.04775 0
175 45 2.04775 0
175 50 2.04775 0
175 55 2.04775 0
175 60 2.04775 0
175 65 2.04775 0
175 70 2.04775 0
175 75 2.04775 0
175 80 2.04775 0
175 85 2.04775 0
175 90 2.04775 0
175 95 2.04775 0
175 100 2.04775 0
175 105 2.04775 0
175 110 2.04775 0
175 115 2.04775 0
175 120 2.04775 0
175 125 2.04775 0
175 130 2.04775 0
175 135 2.04775 0
175 140 2.04775 0
175 145 2.04775 0
175 150 2.04775 0
175 155 2.04775 0
175 160 2.04775 0
175 165 2.04775 0
175 170 2.04775 0
175 175 2.04775 0
175 180 2.04775 0
175 185 2.04775 0
175 190 2.04775 0
175 195 2.04775 0
175 200 2.04775 0
175 205 2.04775 0
175 210 2.04775 0
175 215 2.04775 0
175 220 2.04775 0
175 225 2.04775 0
175 230 0.221861 -1.14704
175 235 0.254983 -1.1512
175 240 0.292967 -1.15258
175 245 0.518194 -1.10991
175 250 0.825165 -0.982627
175 255 1.36274 -0.318814
180 5 1.0363 0.839377
180 10 0.662003 1.06122
180 15 0.335708 1.14852
180 20 0.274155 1.15181
180 25 0.228047 1.14913
180 30 0.228049 1.14247
180 35 2.04775 0
180 40 2.04775 0
180 45 2.04775 0
180 50 2.04775 0
180 55 2.04775 0
180 60 2.04775 0
180 65 2.04775 0
180 70 2.04775 0
180 75 2.04775 0
180 80 2.04775 0
180 85 2.04775 0
180 90 2.04775 0
180 95 2.04775 0
180 100 2.04775 0
180 105 2.04775 0
180 110 2.04775 0
180 115 2.04775 0
180 120 2.04775 0
180 125 2.04775 0
180 130 2.04775 0
180 135 2.04775 0
180 140 2.04775 0
180 145 2.04775 0
180 150 2.04775 0
180 155 2.04775 0
180 160 2.04775 0
180 165 2.04775 0
180 170 2.04775 0
180 175 2.04775 0
180 180 2.04775 0
180 185 2.04775 0
180 190 2.04775 0
180 195 2.04775 0
180 200 2.04775 0
180 205 2.04775 0
180 210 2.04775 0
180 215 2.04775 0
180 220 2.04775 0
180 225 2.04775 0
180 230 0.221861 -1.14704
180 235 0.254983 -1.1512
180 240 0.292967 -1.15258
180 245 0.518194 -1.10991
180 250 0.825165 -0.982627
180 255 1.36274 -0.318814
185 5 1.0363 0.839377
185 10 0.662003 1.06122
185 15 0.335708 1.14852
185 20 0.274155 1.15181
185 25 0.228047 1.14913
185 30 0.228049 1.14247
185 35 2.04775 0
185 40 2.04775 0
185 45 2.04775 0
185 50 2.04775 0
185 55 2.04775 0
185 60 2.04775 0
185 65 2.04775 0
185 70 2.04775 0
185 75 2.04775 0
185 80 2.04775 0
185 85 2.04775 0
185 90 2.04775 0
185 95 2.04775 0
185 100 2.04775 0
185 105 2.04775 0
185 110 2.04775 0
185 115 2.04775 0
185 120 2.04775 0
185 125 2.04775 0
185 130 2.04775 0
185 135 2.04775 0
185 140 2.04775 0
185 145 2.04775 0
185 150 2.04775 0
185 155 2.04775 0
185 160 2.04775 0
185 165 2.04775 0
185 170 2.04775 0
185 175 2.04775 0
185 180 2.04775 0
185 185 2.04775 0
185 190 2.04775 0
185 195 2.04775 0
185 200 2.04775 0
185 205 2.04775 0
185 210 2.04775 0
185 215 2.04775 0
185 220 2.04775 0
185 225 2.04775 0
185 230 0.221861 -1.14704
185 235 0.254983 -1.1512
185 240 0.292967 -1.15258
185 245 0.518194 -1.10991
185 250 0.825165 -0.982627
185 255 1.36274 -0.318814
190 5 1.0363 0.839377
190 10 0.662003 1.06122
190 15 0.335708 1.14852
190 20 0.274155 1.15181
190 25 0.228047 1.14913
190 30 0.228049 1.14247
190 35 2.04775 0
190 40 2.04775 0
190 45 2.04775 0
190 50 2.04775 0
190 55 2.04775 0
190 60 2.04775 0
190 65 2.04775 0
190 70 2.04775 0
190 75 2.04775 0
190 80 2.04775 0
190 85 2.04775 0
190 90 2.04775 0
190 95 2.04775 0
190 100 2.04775 0
190 105 2.04775 0
190 110 2.04775 0
190 115 2.04775 0
190 120 2.04775 0
190 125 2.04775 0
190 130 2.04775 0
190 135 2.04775 0
190 140 2.04775 0
190 145 2.04775 0
190 150 2.04775 0
190 155 2.04775 0
190 160 2.04775 0
190 165 2.04775 0
190 170 2.04775 0
190 175 2.04775 0
190 180 2.04775 0
190 185 2.04775 0
190 190 2.04775 0
190 195 2.04775 0
190 200 2.04775 0
190 205 2.04775 0
190 210 2.04775 0
190 215 2.04775 0
190 220 2.04775 0
190 225 2.04775 0
190 230 0.221861 -1.14704
190 235 0.254983 -1.1512
190 240 0.292967 -1.15258
190 245 0.518194 -1.10991
190 250 0.825165 -0.982627
190 255 1.36274 -0.318814
195 5 1.0363 0.839377
195 10 0.662003 1.06122
195 15 0.335708 1.14852
195 20 0.274155 1.15181
195 25 0.228047 1.14913
195 30 0.228049 1.14247
195 35 2.04775 0
195 40 2.04775 0
195 45 2.04775 0
195 50 2.04775 0
195 55 2.04775 0
195 60 2.04775 0
195 65 2.04775 0
195 70 2.04775 0
195 75 2.04775 0
195 80 2.04775 0
195 85 2.04775 0
195 90 2.04775 0
195 95 2.04775 0
195 100 2.04775 0
195 105 2.04775 0
195 110 2.04775 0
195 115 2.04775 0
195 120 2.04775 0
195 125 2.04775 0
195 130 2.04775 0
195 135 2.04775 0
195 140 2.04775 0
195 145 2.04775 0
195 150 2.04775 0
195 155 2.04775 0
195 160 2.04775 0
195 165 2.04775 0
195 170 2.04775 0
195 175 2.04775 0
195 180 2.04775 0
195 185 2.04775 0
195 190 2.04775 0
195 195 2.04775 0
195 200 2.04775 0
195 205 2.04775 0
195 210 2.04775 0
195 215 2.04775 0
195 220 2.04775 0
195 225 2.04775 0
195 230 0.221861 -1.14704
195 235 0.254983 -1.1512
195 240 0.292967 -1.15258
195 245 0.518194 -1.10991
195 250 0.825165 -0.982627
195 255 1.36274 -0.318814
200 5 1.0363 0.839377
200 10 0.662003 1.06122
200 15 0.335708 1.14852
200 20 0.274155 1.15181
200 25 0.228047 1.14913
200 30 0.228049 1.14247
200 35 2.04775 0
200 40 2.04775 0
200 45 2.04775 0
200 50 2.04775 0
200 55 2.04775 0
200 60 2.04775 0
200 65 2.04775 0
200 70 2.04775 0
200 75 2.04775 0
200 80 2.04775 0
200 85 2.04775 0
200 90 2.04775 0
200 95 2.04775 0
200 100 2.04775 0
200 105 2.04775 0
200 110 2.04775 0
200 115 2.04775 0
200 120 2.04775 0
200 125 2.04775 0
200 130 2.04775 0
200 135 2.04775 0
200 140 2.04775 0
200 145 2.04775 0
200 150 2.04775 0
200 155 2.04775 0
200 160 2.04775 0
200 165 2.04775 0
200 170 2.04775 0
200 175 2.04775 0
200 180 2.04775 0
200 185 2.04775 0
200 190 2.04775 0
200 195 2.04775 0
200 200 2.04775 0
200 205 2.04775 0
200 210 2.04775 0
200 215 2.04775 0
200 220 2.04775 0
200 225 2.04775 0
200 230 0.221861 -1.14704
200 235 0.254983 -1.1512
200 240 0.292967 -1.15258
200 245 0.518194 -1.10991
200 250 0.825165 -0.982627
200 255 1.36274 -0.318814
205 5 1.0363 0.839377
205 10 0.662003 1.06122
205 15 0.335708 1.14852
205 20 0.274155 1.15181
205 25 0.228047 1.14913
205 30 0.228049 1.14247
205 35 2.04775 0
205 40 2.04775 0
205 45 2.04775 0
205 50 2.04775 0
205 55 2.04775 0
205 60 2.04775 0
205 65 2.04775 0
205 70 2.04775 0
205 75 2.04775 0
205 80 2.04775 0
205 85 2.04775 0
205 90 2.04775 0
205 95 2.04775 0
205 100 2.04775 0
205 105 2.04775 0
205 110 2.04775 0
205 115 2.04775 0
205 120 2.04775 0
205 125 2.04775 0
205 130 2.04775 0
205 135 2.04775 0
205 140 2.04775 0
205 145 2.04775 0
205 150 2.04775 0
205 155 2.04775 0
205 160 2.04775 0
205 165 2.04775 0
205 170 2.04775 0
205 175 2.04775 0
205 180 2.04775 0
205 185 2.04775 0
205 190 2.04775 0
205 195 2.04775 0
205 200 2.04775 0
205 205 2.04775 0
205 210 2.04775 0
205 215 2.04775 0
205 220 2.04775 0
205 225 2.04775 0
205 230 0.221861 -1.14704
205 235 0.254983 -1.1512
205 240 0.292967 -1.15258
205 245 0.518194 -1.10991
205 250 0.825165 -0.982627
205 255 1.36274 -0.318814
210 5 1.0363 0.839377
210 10 0.662003 1.06122
210 15 0.335708 1.14852
210 20 0.274155 1.15181
210 25 0.228047 1.14913
210 30 0.228049 1.14247
210 35 2.04775 0
210 40 2.04775 0
210 45 2.04775 0
210 50 2.04775 0
210 55 2.04775 0
210 60 2.04775 0
210 65 2.04775 0
210 70 2.04775 0
210 75 2.04775 0
210 80 2.04775 0
210 85 2.04775 0
210 90 2.04775 0
210 95 2.04775 0
210 100 2.04775 0
210 105 2.04775 0
210 110 2.04775 0
210 115 2.04775 0
210 120 2.04775 0
210 125 2.04775 0
210 130 2.04775 0
210 135 2.04775 0
210 140 2.04775 0
210 145 2.04775 0
210 150 2.04775 0
210 155 2.04775 0
210 160 2.04775 0
210 165 2.04775 0
210 170 2.04775 0
210 175 2.04775 0
210 180 2.04775 0
210 185 2.04775 0
210 190 2.04775 0
210 195 2.04775 0
210 200 2.04775 0
210 205 2.04775 0
210 210 2.04775 0
210 215 2.04775 0
210 220 2.04775 0
210 225 2.04775 0
210 230 0.221861 -1.14704
210 235 0.254983 -1.1512
210 240 0.292967 -1.15258
210 245 0.518194 -1.10991
210 250 0.825165 -0.982627
210 255 1.36274 -0.318814
215 5 1.0363 0.839377
215 10 0.662003 1.06122
215 15 0.335708 1.14852
215 20 0.274155 1.15181
215 25 0.228047 1.14913
215 30 0.228049 1.14247
215 35 2.04775 0
215 40 2.04775 0
215 45 2.04775 0
215 50 2.04775 0
215 55 2.04775 0
215 60 2.04775 0
215 65 2.04775 0
215 70 2.04775 0
215 75 2.04775 0
215 80 2.04775 0
215 85 2.04775 0
215 90 2.04775 0
215 95 2.04775 0
215 100 2.04775 0
215 105 2.04775 0
215 110 2.04775 0
215 115 2.04775 0
215 120 2.04775 0
215 125 2.04775 0
215 130 2.04775 0
215 135 2.04775 0
215 140 2.04775 0
215 145 2.04775 0
215 150 2.04775 0
215 155 2.04775 0
215 160 2.04775 0
215 165 2.04775 0
215 170 2.04775 0
215 175 2.04775 0
215 180 2.04775 0
215 185 2.04775 0
215 190 2.04775 0
215 195 2.04775 0
215 200 2.04775 0
215 205 2.04775 0
215 210 2.04775 0
215 215 2.04775 0
215 220 2.04775 0
215 225 2.04775 0
215 230 0.221861 -1.14704
215 235 0.254983 -1.1512
215 240 0.292967 -1.15258
215 245 0.518194 -1.10991
215 250 0.825165 -0.982627
215 255 1.36274 -0.318814
220 5 1.0363 0.839377
220 10 0.662003 1.06122
220 15 0.335708 1.14852
220 20 0.274155 1.15181
220 25 0.228047 1.14913
220 30 0.228049 1.14247
220 35 2.04775 0
220 40 2.04775 0
220 45 2.04775 0
220 50 2.04775 0
220 55 2.04775 0
220 60 2.04775 0
220 65 2.04775 0
220 70 2.04775 0
220 75 2.04775 0
220 80 2.04775 0
220 85 2.04775 0
220 90 2.04775 0
220 95 2.04775 0
220 100 2.04775 0
220 105 2.04775 0
220 110 2.04775 0
220 115 2.04775 0
220 120 2.04775 0
220 125 2.04775 0
220 130 2.04775 0
220 135 2.04775 0
220 140 2.04775 0
220 145 2.04775 0
220 150 2.04775 0
220 155 2.04775 0
220 160 2.04775 0
220 165 2.04775 0
220 170 2.04775 0
220 175 2.04775 0
220 180 2.04775 0
220 185 2.04775 0
220 190 2.04775 0
220 195 2.04775 0
220 200 2.04775 0
220 205 2.04775 0
220 210 2.04775 0
220 215 2.04775 0
220 220 2.04775 0
220 225 2.04775 0
220 230 0.221861 -1.14704
220 235 0.254983 -1.1512
220 240 0.292967 -1.15258
220 245 0.518194 -1.10991
220 250 0.825165 -0.982627
220 255 1.36274 -0.318814
225 5 1.0363 0.839377
225 10 0.662003 1.06122
225 15 0.335708 1.14852
225 20 0.274155 1.15181
225 25 0.228047 1.14913
225 30 0.228049 1.14247
225 35 2.04775 0
225 40 2.04775 0
225 45 2.04775 0
225 50 2.04775 0
225 55 2.04775 0
225 60 2.04775 0
225 65 2.04775 0
225 70 2.04775 0
225 75 2.04775 0
225 80 2.04775 0
225 85 2.04775 0
225 90 2.04775 0
225 95 2.04775 0
225 100 2.04775 0
225 105 2.04775 0
225 110 2.04775 0
225 115 2.04775 0
225 120 2.04775 0
225 125 2.04775 0
225 130 2.04775 0
225 135 2.04775 0
225 140 2.04775 0
225 145 2.04775 0
225 150 2.04775 0
225 155 2.04775 0
225 160 2.04775 0
225 165 2.04775 0
225 170 2.04775 0
225 175 2.04775 0
225 180 2.04775 0
225 185 2.04775 0
225 190 2.04775 0
225 195 2.04775 0
225 200 2.04775 0
225 205 2.04775 0
225 210 2.04775 0
225 215 2.04775 0
225 220 2.04775 0
225 225 2.04775 0
225 230 0.221861 -1.14704
225 235 0.254983 -1.1512
225 240 0.292967 -1.15258
225 245 0.518194 -1.10991
225 250 0.825165 -0.982627
225 255 1.36274 -0.318814
230 5 1.0363 0.839377
230 10 0.662003 1.06122
230 15 0.335708 1.14852
230 20 0.274155 1.15181
230 25 0.228047 1.14913
230 30 0.228049 1.14247
230 35 2.04775 0
230 40 2.04775 0
230 45 2.04775 0
230 50 2.04775 0
230 55 2.04775 0
230 60 2.04775 0
230 65 2.04775 0
230 70 2.04775 0
230 75 2.04775 0
230 80 2.04775 0
230 85 2.04775 0
230 90 2.04775 0
230 95 2.04775 0
230 100 2.04775 0
230 105 2.04775 0
230 110 2.04775 0
230 115 2.04775 0
230 120 2.04775 0
230 125 2.04775 0
230 130 2.04775 0
230 135 2.04775 0
230 140 2.04775 0
230 145 2.04775 0
230 150 2.04775 0
230 155 2.04775 0
230 160 2.04775 0
230 165 2.04775 0
230 170 2.04775 0
230 175 2.04775 0
230 180 2.04775 0
230 185 2.04775 0
230 190 2.04775 0
230 195 2.04775 0
230 200 2.04775 0
230 205 2.04775 0
230 210 2.04775 0
230 215 2.04775 0
230 220 2.04775 0
230 225 2.04775 0
230 230 0.221861 -1.14704
230 235 0.254983 -1.1512
230 240 0.292967 -1.15258
230 245 0.518194 -1.10991
230 250 0.825165 -0.982627
230 255 1.36274 -0.318814
235 5 1.0363 0.839377
235 10 0.662003 1.06122
235 15 0.335708 1.14852
235 20 0.274155 1.15181
235 25 0.228047 1.14913
235 30 0.228049 1.14247
235 35 2.04775 0
235 40 2.04775 0
235 45 2.04775 0
235 50 2.04775 0
235 55 2.04775 0
235 60 2.04775 0
235 65 2.04775 0
235 70 2.04775 0
235 75 2.04775 0
235 80 2.04775 0
235 85 2.04775 0
235 90 2.04775 0
235 95 2.04775 0
235 100 2.04775 0
235 105 2.04775 0
235 110 2.04775 0
235 115 2.04775 0
235 120 2.04775 0
235 125 2.04775 0
235 130 2.04775 0
235 135 2.04775 0
235 140 2.04775 0
235 145 2.04775 0
235 150 2.04775 0
235 155 2.04775 0
235 160 2.04775 0
235 165 2.04775 0
235 170 2.04775 0
235 175 2.04775 0
235 180 2.04775 0
235 185 2.04775 0
235 190 2.04775 0
235 195 2.04775 0
235 200 2.04775 0
235 205 2.04775 0
235 210 2.04775 0
235 215 2.04775 0
235 220 2.04775 0
235 225 2.04775 0
235 230 0.221861 -1.14704
235 235 0.254983 -1.1512
235 240 0.292967 -1.15258
235 245 0.518194 -1.10991
235 250 0.825165 -0.982627
235 255 1.36274 -0.318814
240 5 1.0363 0.839377
240 10 0.662003 1.06122
240 15 0.335708 1.14852
240 20 0.274155 1.15181
240 25 0.228047 1.14913
240 30 0.228049 1.14247
240 35 2.04775 0
240 40 2.04775 0
240 45 2.04775 0
240 50 2.04775 0
240 55 2.04775 0
240 60 2.04775 0
240 65 2.04775 0
240 70 2.04775 0
240 75 2.04775 0
240 80 2.04775 0
240 85 2.04775 0
240 90 2.04775 0
240 95 2.04775 0
240 100 2.04775 0
240 105 2.04775 0
240 110 2.04775 0
240 115 2.04775 0
240 120 2.04775 0
240 125 2.04775 0
240 130 2.04775 0
240 135 2.04775 0
240 140 2.04775 0
240 145 2.04775 0
240 150 2.04775 0
240 155 2.04775 0
240 160 2.04775 0
240 165 2.04775 0
240 170 2.04775 0
240 175 2.04775 0
240 180 2.04775 0
240 185 2.04775 0
240 190 2.04775 0
240 195 2.04775 0
240 200 2.04775 0
240 205 2.04775 0
240 210 2.04775 0
240 215 2.04775 0
240 220 2.04775 0
240 225 2.04775 0
240 230 0.221861 -1.14704
240 235 0.254983 -1.1512
240 240 0.292967 -1.15258
240 245 0.518194 -1.10991
240 250 0.825165 -0.982627
240 255 1.36274 -0.318814
245 5 1.0363 0.839377
245 10 0.662003 1.06122
245 15 0.335708 1.14852
245 20 0.274155 1.15181
245 25 0.228047 1.14913
245 30 0.228049 1.14247
245 35 2.04775 0
245 40 2.04775 0
245 45 2.04775 0
245 50 2.04775 0
245 55 2.04775 0
245 60 2.04775 0
245 65 2.04775 0
245 70 2.04775 0
245 75 2.04775 0
245 80 2.04775 0
245 85 2.04775 0
245 90 2.04775 0
245 95 2.04775 0
245 100 2.04775 0
245 105 2.04775 0
245 110 2.04775 0
245 115 2.04775 0
245 120 2.04775 0
245 125 2.04775 0
245 130 2.04775 0
245 135 2.04775 0
245 140 2.04775 0
245 145 2.04775 0
245 150 2.04775 0
245 155 2.04775 0
245 160 2.04775 0
245 165 2.04775 0
245 170 2.04775 0
245 175 2.04775 0
245 180 2.04775 0
245 185 2.04775 0
245 190 2.04775 0
245 195 2.04775 0
245 200 2.04775 0
245 205 2.04775 0
245 210 2.04775 0
245 215 2.04775 0
245 220 2.04775 0
245 225 2.04775 0
245 230 0.221861 -1.14704
245 235 0.254983 -1.1512
245 240 0.292967 -1.15258
245 245 0.518194 -1.10991
245 250 0.825165 -0.982627
245 255 1.36274 -0.318814
250 5 1.0363 0.839377
250 10 0.662003 1.06122
250 15 0.335708 1.14852
250 20 0.274155 1.15181
250 25 0.228047 1.14913
250 30 0.228049 1.14247
250 35 2.04775 0
250 40 2.04775 0
250 45 2.04775 0
250 50 2.04775 0
250 55 2.04775 0
250 60 2.04775 0
250 65 2.04775 0
250 70 2.04775 0
250 75 2.04775 0
250 80 2.04775 0
250 85 2.04775 0
250 90 2.04775 0
250 95 2.04775 0
250 100 2.04775 0
250 105 2.04775 0
250 110 2.04775 0
250 115 2.04775 0
250 120 2.04775 0
250 125 2.04775 0
250 130 2.04775 0
250 135 2.04775 0
250 140 2.04775 0
250 145 2.04775 0
250 150 2.04775 0
250 155 2.04775 0
250 160 2.04775 0
250 165 2.04775 0
250 170 2.04775 0
250 175 2.04775 0
250 180 2.04775 0
250 185 2.04775 0
250 190 2.04775 0
250 195 2.04775 0
250 200 2.04775 0
250 205 2.04775 0
250 210 2.04775 0
250 215 2.04775 0
250 220 2.04775 0
250 225 2.04775 0
250 230 0.221861 -1.14704
250 235 0.254983 -1.1512
250 240 0.292967 -1.15258
250 245 0.518194 -1.10991
250 250 0.825165 -0.982627
250 255 1.36274 -0.318814
255 5 1.0363 0.839377
255 10 0.662003 1.06122
255 15 0.335708 1.14852
255 20 0.274155 1.15181
255 25 0.228047 1.14913
255 30 0.228049 1.14247
255 35 2.04775 0
255 40 2.04775 0
255 45 2.04775 0
255 50 2.04775 0
255 55 2.04775 0
255 60 2.04775 0
255 65 2.04775 0
255 70 2.04775 0
255 75 2.04775 0
255 80 2.04775 0
255 85 2.04775 0
255 90 2.04775 0
255 95 2.04775 0
255 100 2.04775 0
255 105 2.04775 0
255 110 2.04775 0
255 115 2.04775 0
255 120 2.04775 0
255 125 2.04775 0
255 130 2.04775 0
255 135 2.04775 0
255 140 2.04775 0
255 145 2.04775 0
255 150 2.04775 0
255 155 2.04775 0
255 160 2.04775 0
255 165 2.04775 0
255 170 2.04775 0
255 175 2.04775 0
255 180 2.04775 0
255 185 2.04775 0
255 190 2.04775 0
255 195 2.04775 0
255 200 2.04775 0
255 205 2.04775 0
255 210 2.04775 0
255 215 2.04775 0
255 220 2.04775 0
255 225 2.04775 0
255 230 0.221861 -1.14704
255 235 0.254983 -1.1512
255 240 0.292967 -1.15258
255 245 0.518194 -1.10991
255 250 0.825165 -0.982627
255 255 1.36274 -0.318814
