5 5 0.0567333 1.57947
5 10 -0.0902805 1.61633
5 15 -0.0951581 1.6228
5 20 -0.0145196 1.62349
5 25 0.043346 1.62094
5 30 0.0656739 1.61748
5 35 0.0811722 1.61371
5 40 0.0893024 1.60983
5 45 0.0943538 1.60579
5 50 0.0973245 1.60158
5 55 0.0990528 1.59717
5 60 0.10105 1.5925
5 65 0.10222 1.58758
5 70 0.104128 1.58235
5 75 0.105413 1.57684
5 80 0.107537 1.57098
5 85 0.109144 1.56479
5 90 0.111574 1.55821
5 95 2.75686 -6.6468e-15
5 100 2.75686 -6.6468e-15
5 105 2.75686 -6.6468e-15
5 110 2.75686 -6.6468e-15
5 115 2.75686 -6.6468e-15
5 120 2.75686 -6.6468e-15
5 125 2.75686 -6.6468e-15
5 130 2.75686 -6.6468e-15
5 135 2.75686 -6.6468e-15
5 140 2.75686 -6.6468e-15
5 145 2.75686 -6.6468e-15
5 150 2.75686 -6.6468e-15
5 155 2.75686 -6.6468e-15
5 160 2.75686 -6.6468e-15
5 165 2.75686 -6.6468e-15
5 170 0.109968 -1.56221
5 175 0.10829 -1.56854
5 180 0.106109 -1.57454
5 185 0.104767 -1.58018
5 190 0.102831 -1.58553
5 195 0.101671 -1.59056
5 200 0.0997351 -1.59533
5 205 0.0982102 -1.59984
5 210 0.0955742 -1.60413
5 215 0.0917561 -1.60823
5 220 0.0852153 -1.61216
5 225 0.0721299 -1.61601
5 230 0.0546655 -1.61959
5 235 0.0109483 -1.62273
5 240 -0.0550454 -1.62386
5 245 -0.114817 -1.61948
5 250 -0.115984 -1.60653
5 255 1.61545 -0.549341
10 5 0.0567333 1.57947
10 10 -0.0902805 1.61633
10 15 -0.0951581 1.6228
10 20 -0.0145196 1.62349
10 25 0.043346 1.62094
10 30 0.0656739 1.61748
10 35 0.0811722 1.61371
10 40 0.0893024 1.60983
10 45 0.0943538 1.60579
10 50 0.0973245 1.60158
10 55 0.0990528 1.59717
10 60 0.10105 1.5925
10 65 0.10222 1.58758
10 70 0.104128 1.58235
10 75 0.105413 1.57684
10 80 0.107537 1.57098
10 85 0.109144 1.56479
10 90 0.111574 1.55821
10 95 2.75686 -6.6468e-15
10 100 2.75686 -6.6468e-15
10 105 2.75686 -6.6468e-15
10 110 2.75686 -6.6468e-15
10 115 2.75686 -6.6468e-15
10 120 2.75686 -6.6468e-15
10 125 2.75686 -6.6468e-15
10 130 2.75686 -6.6468e-15
10 135 2.75686 -6.6468e-15
10 140 2.75686 -6.6468e-15
10 145 2.75686 -6.6468e-15
10 150 2.75686 -6.6468e-15
10 155 2.75686 -6.6468e-15
10 160 2.75686 -6.6468e-15
10 165 2.75686 -6.6468e-15
10 170 0.109968 -1.56221
10 175 0.10829 -1.56854
10 180 0.106109 -1.57454
10 185 0.104767 -1.58018
10 190 0.102831 -1.58553
10 195 0.101671 -1.59056
10 200 0.0997351 -1.59533
10 205 0.0982102 -1.59984
10 210 0.0955742 -1.60413
10 215 0.0917561 -1.60823
10 220 0.0852153 -1.61216
10 225 0.0721299 -1.61601
10 230 0.0546655 -1.61959
10 235 0.0109483 -1.62273
10 240 -0.0550454 -1.62386
10 245 -0.114817 -1.61948
10 250 -0.115984 -1.60653
10 255 1.61545 -0.549341
15 5 0.0567333 1.57947
15 10 -0.0902805 1.61633
15 15 -0.0951581 1.6228
15 20 -0.0145196 1.62349
15 25 0.043346 1.62094
15 30 0.0656739 1.61748
15 35 0.0811722 1.61371
15 40 0.0893024 1.60983
15 45 0.0943538 1.60579
15 50 0.0973245 1.60158
15 55 0.0990528 1.59717
15 60 0.10105 1.5925
15 65 0.10222 1.58758
15 70 0.104128 1.58235
15 75 0.105413 1.57684
15 80 0.107537 1.57098
15 85 0.109144 1.56479
15 90 0.111574 1.55821
15 95 2.75686 -6.6468e-15
15 100 2.75686 -6.6468e-15
15 105 2.75686 -6.6468e-15
15 110 2.75686 -6.6468e-15
15 115 2.75686 -6.6468e-15
15 120 2.75686 -6.6468e-15
15 125 2.75686 -6.6468e-15
15 130 2.75686 -6.6468e-15
15 135 2.75686 -6.6468e-15
15 140 2.75686 -6.6468e-15
15 145 2.75686 -6.6468e-15
15 150 2.75686 -6.6468e-15
15 155 2.75686 -6.6468e-15
15 160 2.75686 -6.6468e-15
15 165 2.75686 -6.6468e-15
15 170 0.109968 -1.56221
15 175 0.10829 -1.56854
15 180 0.106109 -1.57454
15 185 0.104767 -1.58018
15 190 0.102831 -1.58553
15 195 0.101671 -1.59056
15 200 0.0997351 -1.59533
15 205 0.0982102 -1.59984
15 210 0.0955742 -1.60413
15 215 0.0917561 -1.60823
15 220 0.0852153 -1.61216
15 225 0.0721299 -1.61601
15 230 0.0546655 -1.61959
15 235 0.0109483 -1.62273
15 240 -0.0550454 -1.62386
15 245 -0.114817 -1.61948
15 250 -0.115984 -1.60653
15 255 1.61545 -0.549341
20 5 0.0567333 1.57947
20 10 -0.0902805 1.61633
20 15 -0.0951581 1.6228
20 20 -0.0145196 1.62349
20 25 0.043346 1.62094
20 30 0.0656739 1.61748
20 35 0.0811722 1.61371
20 40 0.0893024 1.60983
20 45 0.0943538 1.60579
20 50 0.0973245 1.60158
20 55 0.0990528 1.59717
20 60 0.10105 1.5925
20 65 0.10222 1.58758
20 70 0.104128 1.58235
20 75 0.105413 1.57684
20 80 0.107537 1.57098
20 85 0.109144 1.56479
20 90 0.111574 1.55821
20 95 2.75686 -6.6468e-15
20 100 2.75686 -6.6468e-15
20 105 2.75686 -6.6468e-15
20 110 2.75686 -6.6468e-15
20 115 2.75686 -6.6468e-15
20 120 2.75686 -6.6468e-15
20 125 2.75686 -6.6468e-15
20 130 2.75686 -6.6468e-15
20 135 2.75686 -6.6468e-15
20 140 2.75686 -6.6468e-15
20 145 2.75686 -6.6468e-15
20 150 2.75686 -6.6468e-15
20 155 2.75686 -6.6468e-15
20 160 2.75686 -6.6468e-15
20 165 2.75686 -6.6468e-15
20 170 0.109968 -1.56221
20 175 0.10829 -1.56854
20 180 0.106109 -1.57454
20 185 0.104767 -1.58018
20 190 0.102831 -1.58553
20 195 0.101671 -1.59056
20 200 0.0997351 -1.59533
20 205 0.0982102 -1.59984
20 210 0.0955742 -1.60413
20 215 0.0917561 -1.60823
20 220 0.0852153 -1.61216
20 225 0.0721299 -1.61601
20 230 0.0546655 -1.61959
20 235 0.0109483 -1.62273
20 240 -0.0550454 -1.62386
20 245 -0.114817 -1.61948
20 250 -0.115984 -1.60653
20 255 1.61545 -0.549341
25 5 0.0567333 1.57947
25 10 -0.0902805 1.61633
25 15 -0.0951581 1.6228
25 20 -0.0145196 1.62349
25 25 0.043346 1.62094
25 30 0.0656739 1.61748
25 35 0.0811722 1.61371
25 40 0.0893024 1.60983
25 45 0.0943538 1.60579
25 50 0.0973245 1.60158
25 55 0.0990528 1.59717
25 60 0.10105 1.5925
25 65 0.10222 1.58758
25 70 0.104128 1.58235
25 75 0.105413 1.57684
25 80 0.107537 1.57098
25 85 0.109144 1.56479
25 90 0.111574 1.55821
25 95 2.75686 -6.6468e-15
25 100 2.75686 -6.6468e-15
25 105 2.75686 -6.6468e-15
25 110 2.75686 -6.6468e-15
25 115 2.75686 -6.6468e-15
25 120 2.75686 -6.6468e-15
25 125 2.75686 -6.6468e-15
25 130 2.75686 -6.6468e-15
25 135 2.75686 -6.6468e-15
25 140 2.75686 -6.6468e-15
25 145 2.75686 -6.6468e-15
25 150 2.75686 -6.6468e-15
25 155 2.75686 -6.6468e-15
25 160 2.75686 -6.6468e-15
25 165 2.75686 -6.6468e-15
25 170 0.109968 -1.56221
25 175 0.10829 -1.56854
25 180 0.106109 -1.57454
25 185 0.104767 -1.58018
25 190 0.102831 -1.58553
25 195 0.101671 -1.59056
25 200 0.0997351 -1.59533
25 205 0.0982102 -1.59984
25 210 0.0955742 -1.60413
25 215 0.0917561 -1.60823
25 220 0.0852153 -1.61216
25 225 0.0721299 -1.61601
25 230 0.0546655 -1.61959
25 235 0.0109483 -1.62273
25 240 -0.0550454 -1.62386
25 245 -0.114817 -1.61948
25 250 -0.115984 -1.60653
25 255 1.61545 -0.549341
30 5 0.0567333 1.57947
30 10 -0.0902805 1.61633
30 15 -0.0951581 1.6228
30 20 -0.0145196 1.62349
30 25 0.043346 1.62094
30 30 0.0656739 1.61748
30 35 0.0811722 1.61371
30 40 0.0893024 1.60983
30 45 0.0943538 1.60579
30 50 0.0973245 1.60158
30 55 0.0990528 1.59717
30 60 0.10105 1.5925
30 65 0.10222 1.58758
30 70 0.104128 1.58235
30 75 0.105413 1.57684
30 80 0.107537 1.57098
30 85 0.109144 1.56479
30 90 0.111574 1.55821
30 95 2.75686 -6.6468e-15
30 100 2.75686 -6.6468e-15
30 105 2.75686 -6.6468e-15
30 110 2.75686 -6.6468e-15
30 115 2.75686 -6.6468e-15
30 120 2.75686 -6.6468e-15
30 125 2.75686 -6.6468e-15
30 130 2.75686 -6.6468e-15
30 135 2.75686 -6.6468e-15
30 140 2.75686 -6.6468e-15
30 145 2.75686 -6.6468e-15
30 150 2.75686 -6.6468e-15
30 155 2.75686 -6.6468e-15
30 160 2.75686 -6.6468e-15
30 165 2.75686 -6.6468e-15
30 170 0.109968 -1.56221
30 175 0.10829 -1.56854
30 180 0.106109 -1.57454
30 185 0.104767 -1.58018
30 190 0.102831 -1.58553
30 195 0.101671 -1.59056
30 200 0.0997351 -1.59533
30 205 0.0982102 -1.59984
30 210 0.0955742 -1.60413
30 215 0.0917561 -1.60823
30 220 0.0852153 -1.61216
30 225 0.0721299 -1.61601
30 230 0.0546655 -1.61959
30 235 0.0109483 -1.62273
30 240 -0.0550454 -1.62386
30 245 -0.114817 -1.61948
30 250 -0.115984 -1.60653
30 255 1.61545 -0.549341
35 5 0.0567333 1.57947
35 10 -0.0902805 1.61633
35 15 -0.0951581 1.6228
35 20 -0.0145196 1.62349
35 25 0.043346 1.62094
35 30 0.0656739 1.61748
35 35 0.0811722 1.61371
35 40 0.0893024 1.60983
35 45 0.0943538 1.60579
35 50 0.0973245 1.60158
35 55 0.0990528 1.59717
35 60 0.10105 1.5925
35 65 0.10222 1.58758
35 70 0.104128 1.58235
35 75 0.105413 1.57684
35 80 0.107537 1.57098
35 85 0.109144 1.56479
35 90 0.111574 1.55821
35 95 2.75686 -6.6468e-15
35 100 2.75686 -6.6468e-15
35 105 2.75686 -6.6468e-15
35 110 2.75686 -6.6468e-15
35 115 2.75686 -6.6468e-15
35 120 2.75686 -6.6468e-15
35 125 2.75686 -6.6468e-15
35 130 2.75686 -6.6468e-15
35 135 2.75686 -6.6468e-15
35 140 2.75686 -6.6468e-15
35 145 2.75686 -6.6468e-15
35 150 2.75686 -6.6468e-15
35 155 2.75686 -6.6468e-15
35 160 2.75686 -6.6468e-15
35 165 2.75686 -6.6468e-15
35 170 0.109968 -1.56221
35 175 0.10829 -1.56854
35 180 0.106109 -1.57454
35 185 0.104767 -1.58018
35 190 0.102831 -1.58553
35 195 0.101671 -1.59056
35 200 0.0997351 -1.59533
35 205 0.0982102 -1.59984
35 210 0.0955742 -1.60413
35 215 0.0917561 -1.60823
35 220 0.0852153 -1.61216
35 225 0.0721299 -1.61601
35 230 0.0546655 -1.61959
35 235 0.0109483 -1.62273
35 240 -0.0550454 -1.62386
35 245 -0.114817 -1.61948
35 250 -0.115984 -1.60653
35 255 1.61545 -0.549341
40 5 0.0567333 1.57947
40 10 -0.0902805 1.61633
40 15 -0.0951581 1.6228
40 20 -0.0145196 1.62349
40 25 0.043346 1.62094
40 30 0.0656739 1.61748
40 35 0.0811722 1.61371
40 40 0.0893024 1.60983
40 45 0.0943538 1.60579
40 50 0.0973245 1.60158
40 55 0.0990528 1.59717
40 60 0.10105 1.5925
40 65 0.10222 1.58758
40 70 0.104128 1.58235
40 75 0.105413 1.57684
40 80 0.107537 1.57098
40 85 0.109144 1.56479
40 90 0.111574 1.55821
40 95 2.75686 -6.6468e-15
40 100 2.75686 -6.6468e-15
40 105 2.75686 -6.6468e-15
40 110 2.75686 -6.6468e-15
40 115 2.75686 -6.6468e-15
40 120 2.75686 -6.6468e-15
40 125 2.75686 -6.6468e-15
40 130 2.75686 -6.6468e-15
40 135 2.75686 -6.6468e-15
40 140 2.75686 -6.6468e-15
40 145 2.75686 -6.6468e-15
40 150 2.75686 -6.6468e-15
40 155 2.75686 -6.6468e-15
40 160 2.75686 -6.6468e-15
40 165 2.75686 -6.6468e-15
40 170 0.109968 -1.56221
40 175 0.10829 -1.56854
40 180 0.106109 -1.57454
40 185 0.104767 -1.58018
40 190 0.102831 -1.58553
40 195 0.101671 -1.59056
40 200 0.0997351 -1.59533
40 205 0.0982102 -1.59984
40 210 0.0955742 -1.60413
40 215 0.0917561 -1.60823
40 220 0.0852153 -1.61216
40 225 0.0721299 -1.61601
40 230 0.0546655 -1.61959
40 235 0.0109483 -1.62273
40 240 -0.0550454 -1.62386
40 245 -0.114817 -1.61948
40 250 -0.115984 -1.60653
40 255 1.61545 -0.549341
45 5 0.0567333 1.57947
45 10 -0.0902805 1.61633
45 15 -0.0951581 1.6228
45 20 -0.0145196 1.62349
45 25 0.043346 1.62094
45 30 0.0656739 1.61748
45 35 0.0811722 1.61371
45 40 0.0893024 1.60983
45 45 0.0943538 1.60579
45 50 0.0973245 1.60158
45 55 0.0990528 1.59717
45 60 0.10105 1.5925
45 65 0.10222 1.58758
45 70 0.104128 1.58235
45 75 0.105413 1.57684
45 80 0.107537 1.57098
45 85 0.109144 1.56479
45 90 0.111574 1.55821
45 95 2.75686 -6.6468e-15
45 100 2.75686 -6.6468e-15
45 105 2.75686 -6.6468e-15
45 110 2.75686 -6.6468e-15
45 115 2.75686 -6.6468e-15
45 120 2.75686 -6.6468e-15
45 125 2.75686 -6.6468e-15
45 130 2.75686 -6.6468e-15
45 135 2.75686 -6.6468e-15
45 140 2.75686 -6.6468e-15
45 145 2.75686 -6.6468e-15
45 150 2.75686 -6.6468e-15
45 155 2.75686 -6.6468e-15
45 160 2.75686 -6.6468e-15
45 165 2.75686 -6.6468e-15
45 170 0.109968 -1.56221
45 175 0.10829 -1.56854
45 180 0.106109 -1.57454
45 185 0.104767 -1.58018
45 190 0.102831 -1.58553
45 195 0.101671 -1.59056
45 200 0.0997351 -1.59533
45 205 0.0982102 -1.59984
45 210 0.0955742 -1.60413
45 215 0.0917561 -1.60823
45 220 0.0852153 -1.61216
45 225 0.0721299 -1.61601
45 230 0.0546655 -1.61959
45 235 0.0109483 -1.62273
45 240 -0.0550454 -1.62386
45 245 -0.114817 -1.61948
45 250 -0.115984 -1.60653
45 255 1.61545 -0.549341
50 5 0.0567333 1.57947
50 10 -0.0902805 1.61633
50 15 -0.0951581 1.6228
50 20 -0.0145196 1.62349
50 25 0.043346 1.62094
50 30 0.0656739 1.61748
50 35 0.0811722 1.61371
50 40 0.0893024 1.60983
50 45 0.0943538 1.60579
50 50 0.0973245 1.60158
50 55 0.0990528 1.59717
50 60 0.10105 1.5925
50 65 0.10222 1.58758
50 70 0.104128 1.58235
50 75 0.105413 1.57684
50 80 0.107537 1.57098
50 85 0.109144 1.56479
50 90 0.111574 1.55821
50 95 2.75686 -6.6468e-15
50 100 2.75686 -6.6468e-15
50 105 2.75686 -6.6468e-15
50 110 2.75686 -6.6468e-15
50 115 2.75686 -6.6468e-15
50 120 2.75686 -6.6468e-15
50 125 2.75686 -6.6468e-15
50 130 2.75686 -6.6468e-15
50 135 2.75686 -6.6468e-15
50 140 2.75686 -6.6468e-15
50 145 2.75686 -6.6468e-15
50 150 2.75686 -6.6468e-15
50 155 2.75686 -6.6468e-15
50 160 2.75686 -6.6468e-15
50 165 2.75686 -6.6468e-15
50 170 0.109968 -1.56221
50 175 0.10829 -1.56854
50 180 0.106109 -1.57454
50 185 0.104767 -1.58018
50 190 0.102831 -1.58553
50 195 0.101671 -1.59056
50 200 0.0997351 -1.59533
50 205 0.0982102 -1.59984
50 210 0.0955742 -1.60413
50 215 0.0917561 -1.60823
50 220 0.0852153 -1.61216
50 225 0.0721299 -1.61601
50 230 0.0546655 -1.61959
50 235 0.0109483 -1.62273
50 240 -0.0550454 -1.62386
50 245 -0.114817 -1.61948
50 250 -0.115984 -1.60653
50 255 1.61545 -0.549341
55 5 0.0567333 1.57947
55 10 -0.0902805 1.61633
55 15 -0.0951581 1.6228
55 20 -0.0145196 1.62349
55 25 0.043346 1.62094
55 30 0.0656739 1.61748
55 35 0.0811722 1.61371
55 40 0.0893024 1.60983
55 45 0.0943538 1.60579
55 50 0.0973245 1.60158
55 55 0.0990528 1.59717
55 60 0.10105 1.5925
55 65 0.10222 1.58758
55 70 0.104128 1.58235
55 75 0.105413 1.57684
55 80 0.107537 1.57098
55 85 0.109144 1.56479
55 90 0.111574 1.55821
55 95 2.75686 -6.6468e-15
55 100 2.75686 -6.6468e-15
55 105 2.75686 -6.6468e-15
55 110 2.75686 -6.6468e-15
55 115 2.75686 -6.6468e-15
55 120 2.75686 -6.6468e-15
55 125 2.75686 -6.6468e-15
55 130 2.75686 -6.6468e-15
55 135 2.75686 -6.6468e-15
55 140 2.75686 -6.6468e-15
55 145 2.75686 -6.6468e-15
55 150 2.75686 -6.6468e-15
55 155 2.75686 -6.6468e-15
55 160 2.75686 -6.6468e-15
55 165 2.75686 -6.6468e-15
55 170 0.109968 -1.56221
55 175 0.10829 -1.56854
55 180 0.106109 -1.57454
55 185 0.104767 -1.58018
55 190 0.102831 -1.58553
55 195 0.101671 -1.59056
55 200 0.0997351 -1.59533
55 205 0.0982102 -1.59984
55 210 0.0955742 -1.60413
55 215 0.0917561 -1.60823
55 220 0.0852153 -1.61216
55 225 0.0721299 -1.61601
55 230 0.0546655 -1.61959
55 235 0.0109483 -1.62273
55 240 -0.0550454 -1.62386
55 245 -0.114817 -1.61948
55 250 -0.115984 -1.60653
55 255 1.61545 -0.549341
60 5 0.0567333 1.57947
60 10 -0.0902805 1.61633
60 15 -0.0951581 1.6228
60 20 -0.0145196 1.62349
60 25 0.043346 1.62094
60 30 0.0656739 1.61748
60 35 0.0811722 1.61371
60 40 0.0893024 1.60983
60 45 0.0943538 1.60579
60 50 0.0973245 1.60158
60 55 0.0990528 1.59717
60 60 0.10105 1.5925
60 65 0.10222 1.58758
60 70 0.104128 1.58235
60 75 0.105413 1.57684
60 80 0.107537 1.57098
60 85 0.109144 1.56479
60 90 0.111574 1.55821
60 95 2.75686 -6.6468e-15
60 100 2.75686 -6.6468e-15
60 105 2.75686 -6.6468e-15
60 110 2.75686 -6.6468e-15
60 115 2.75686 -6.6468e-15
60 120 2.75686 -6.6468e-15
60 125 2.75686 -6.6468e-15
60 130 2.75686 -6.6468e-15
60 135 2.75686 -6.6468e-15
60 140 2.75686 -6.6468e-15
60 145 2.75686 -6.6468e-15
60 150 2.75686 -6.6468e-15
60 155 2.75686 -6.6468e-15
60 160 2.75686 -6.6468e-15
60 165 2.75686 -6.6468e-15
60 170 0.109968 -1.56221
60 175 0.10829 -1.56854
60 180 0.106109 -1.57454
60 185 0.104767 -1.58018
60 190 0.102831 -1.58553
60 195 0.101671 -1.59056
60 200 0.0997351 -1.59533
60 205 0.0982102 -1.59984
60 210 0.0955742 -1.60413
60 215 0.0917561 -1.60823
60 220 0.0852153 -1.61216
60 225 0.0721299 -1.61601
60 230 0.0546655 -1.61959
60 235 0.0109483 -1.62273
60 240 -0.0550454 -1.62386
60 245 -0.114817 -1.61948
60 250 -0.115984 -1.60653
60 255 1.61545 -0.549341
65 5 0.0567333 1.57947
65 10 -0.0902805 1.61633
65 15 -0.0951581 1.6228
65 20 -0.0145196 1.62349
65 25 0.043346 1.62094
65 30 0.0656739 1.61748
65 35 0.0811722 1.61371
65 40 0.0893024 1.60983
65 45 0.0943538 1.60579
65 50 0.0973245 1.60158
65 55 0.0990528 1.59717
65 60 0.10105 1.5925
65 65 0.10222 1.58758
65 70 0.104128 1.58235
65 75 0.105413 1.57684
65 80 0.107537 1.57098
65 85 0.109144 1.56479
65 90 0.111574 1.55821
65 95 2.75686 -6.6468e-15
65 100 2.75686 -6.6468e-15
65 105 2.75686 -6.6468e-15
65 110 2.75686 -6.6468e-15
65 115 2.75686 -6.6468e-15
65 120 2.75686 -6.6468e-15
65 125 2.75686 -6.6468e-15
65 130 2.75686 -6.6468e-15
65 135 2.75686 -6.6468e-15
65 140 2.75686 -6.6468e-15
65 145 2.75686 -6.6468e-15
65 150 2.75686 -6.6468e-15
65 155 2.75686 -6.6468e-15
65 160 2.75686 -6.6468e-15
65 165 2.75686 -6.6468e-15
65 170 0.109968 -1.56221
65 175 0.10829 -1.56854
65 180 0.106109 -1.57454
65 185 0.104767 -1.58018
65 190 0.102831 -1.58553
65 195 0.101671 -1.59056
65 200 0.0997351 -1.59533
65 205 0.0982102 -1.59984
65 210 0.0955742 -1.60413
65 215 0.0917561 -1.60823
65 220 0.0852153 -1.61216
65 225 0.0721299 -1.61601
65 230 0.0546655 -1.61959
65 235 0.0109483 -1.62273
65 240 -0.0550454 -1.62386
65 245 -0.114817 -1.61948
65 250 -0.115984 -1.60653
65 255 1.61545 -0.549341
70 5 0.0567333 1.57947
70 10 -0.0902805 1.61633
70 15 -0.0951581 1.6228
70 20 -0.0145196 1.62349
70 25 0.043346 1.62094
70 30 0.0656739 1.61748
70 35 0.0811722 1.61371
70 40 0.0893024 1.60983
70 45 0.0943538 1.60579
70 50 0.0973245 1.60158
70 55 0.0990528 1.59717
70 60 0.10105 1.5925
70 65 0.10222 1.58758
70 70 0.104128 1.58235
70 75 0.105413 1.57684
70 80 0.107537 1.57098
70 85 0.109144 1.56479
70 90 0.111574 1.55821
70 95 2.75686 -6.6468e-15
70 100 2.75686 -6.6468e-15
70 105 2.75686 -6.6468e-15
70 110 2.75686 -6.6468e-15
70 115 2.75686 -6.6468e-15
70 120 2.75686 -6.6468e-15
70 125 2.75686 -6.6468e-15
70 130 2.75686 -6.6468e-15
70 135 2.75686 -6.6468e-15
70 140 2.75686 -6.6468e-15
70 145 2.75686 -6.6468e-15
70 150 2.75686 -6.6468e-15
70 155 2.75686 -6.6468e-15
70 160 2.75686 -6.6468e-15
70 165 2.75686 -6.6468e-15
70 170 0.109968 -1.56221
70 175 0.10829 -1.56854
70 180 0.106109 -1.57454
70 185 0.104767 -1.58018
70 190 0.102831 -1.58553
70 195 0.101671 -1.59056
70 200 0.0997351 -1.59533
70 205 0.0982102 -1.59984
70 210 0.0955742 -1.60413
70 215 0.0917561 -1.60823
70 220 0.0852153 -1.61216
70 225 0.0721299 -1.61601
70 230 0.0546655 -1.61959
70 235 0.0109483 -1.62273
70 240 -0.0550454 -1.62386
70 245 -0.114817 -1.61948
70 250 -0.115984 -1.60653
70 255 1.61545 -0.549341
75 5 0.0567333 1.57947
75 10 -0.0902805 1.61633
75 15 -0.0951581 1.6228
75 20 -0.0145196 1.62349
75 25 0.043346 1.62094
75 30 0.0656739 1.61748
75 35 0.0811722 1.61371
75 40 0.0893024 1.60983
75 45 0.0943538 1.60579
75 50 0.0973245 1.60158
75 55 0.0990528 1.59717
75 60 0.10105 1.5925
75 65 0.10222 1.58758
75 70 0.104128 1.58235
75 75 0.105413 1.57684
75 80 0.107537 1.57098
75 85 0.109144 1.56479
75 90 0.111574 1.55821
75 95 2.75686 -6.6468e-15
75 100 2.75686 -6.6468e-15
75 105 2.75686 -6.6468e-15
75 110 2.75686 -6.6468e-15
75 115 2.75686 -6.6468e-15
75 120 2.75686 -6.6468e-15
75 125 2.75686 -6.6468e-15
75 130 2.75686 -6.6468e-15
75 135 2.75686 -6.6468e-15
75 140 2.75686 -6.6468e-15
75 145 2.75686 -6.6468e-15
75 150 2.75686 -6.6468e-15
75 155 2.75686 -6.6468e-15
75 160 2.75686 -6.6468e-15
75 165 2.75686 -6.6468e-15
75 170 0.109968 -1.56221
75 175 0.10829 -1.56854
75 180 0.106109 -1.57454
75 185 0.104767 -1.58018
75 190 0.102831 -1.58553
75 195 0.101671 -1.59056
75 200 0.0997351 -1.59533
75 205 0.0982102 -1.59984
75 210 0.0955742 -1.60413
75 215 0.0917561 -1.60823
75 220 0.0852153 -1.61216
75 225 0.0721299 -1.61601
75 230 0.0546655 -1.61959
75 235 0.0109483 -1.62273
75 240 -0.0550454 -1.62386
75 245 -0.114817 -1.61948
75 250 -0.115984 -1.60653
75 255 1.61545 -0.549341
80 5 0.0567333 1.57947
80 10 -0.0902805 1.61633
80 15 -0.0951581 1.6228
80 20 -0.0145196 1.62349
80 25 0.043346 1.62094
80 30 0.0656739 1.61748
80 35 0.0811722 1.61371
80 40 0.0893024 1.60983
80 45 0.0943538 1.60579
80 50 0.0973245 1.60158
80 55 0.0990528 1.59717
80 60 0.10105 1.5925
80 65 0.10222 1.58758
80 70 0.104128 1.58235
80 75 0.105413 1.57684
80 80 0.107537 1.57098
80 85 0.109144 1.56479
80 90 0.111574 1.55821
80 95 2.75686 -6.6468e-15
80 100 2.75686 -6.6468e-15
80 105 2.75686 -6.6468e-15
80 110 2.75686 -6.6468e-15
80 115 2.75686 -6.6468e-15
80 120 2.75686 -6.6468e-15
80 125 2.75686 -6.6468e-15
80 130 2.75686 -6.6468e-15
80 135 2.75686 -6.6468e-15
80 140 2.75686 -6.6468e-15
80 145 2.75686 -6.6468e-15
80 150 2.75686 -6.6468e-15
80 155 2.75686 -6.6468e-15
80 160 2.75686 -6.6468e-15
80 165 2.75686 -6.6468e-15
80 170 0.109968 -1.56221
80 175 0.10829 -1.56854
80 180 0.106109 -1.57454
80 185 0.104767 -1.58018
80 190 0.102831 -1.58553
80 195 0.101671 -1.59056
80 200 0.0997351 -1.59533
80 205 0.0982102 -1.59984
80 210 0.0955742 -1.60413
80 215 0.0917561 -1.60823
80 220 0.0852153 -1.61216
80 225 0.0721299 -1.61601
80 230 0.0546655 -1.61959
80 235 0.0109483 -1.62273
80 240 -0.0550454 -1.62386
80 245 -0.114817 -1.61948
80 250 -0.115984 -1.60653
80 255 1.61545 -0.549341
85 5 0.0567333 1.57947
85 10 -0.0902805 1.61633
85 15 -0.0951581 1.6228
85 20 -0.0145196 1.62349
85 25 0.043346 1.62094
85 30 0.0656739 1.61748
85 35 0.0811722 1.61371
85 40 0.0893024 1.60983
85 45 0.0943538 1.60579
85 50 0.0973245 1.60158
85 55 0.0990528 1.59717
85 60 0.10105 1.5925
85 65 0.10222 1.58758
85 70 0.104128 1.58235
85 75 0.105413 1.57684
85 80 0.107537 1.57098
85 85 0.109144 1.56479
85 90 0.111574 1.55821
85 95 2.75686 -6.6468e-15
85 100 2.75686 -6.6468e-15
85 105 2.75686 -6.6468e-15
85 110 2.75686 -6.6468e-15
85 115 2.75686 -6.6468e-15
85 120 2.75686 -6.6468e-15
85 125 2.75686 -6.6468e-15
85 130 2.75686 -6.6468e-15
85 135 2.75686 -6.6468e-15
85 140 2.75686 -6.6468e-15
85 145 2.75686 -6.6468e-15
85 150 2.75686 -6.6468e-15
85 155 2.75686 -6.6468e-15
85 160 2.75686 -6.6468e-15
85 165 2.75686 -6.6468e-15
85 170 0.109968 -1.56221
85 175 0.10829 -1.56854
85 180 0.106109 -1.57454
85 185 0.104767 -1.58018
85 190 0.102831 -1.58553
85 195 0.101671 -1.59056
85 200 0.0997351 -1.59533
85 205 0.0982102 -1.59984
85 210 0.0955742 -1.60413
85 215 0.0917561 -1.60823
85 220 0.0852153 -1.61216
85 225 0.0721299 -1.61601
85 230 0.0546655 -1.61959
85 235 0.0109483 -1.62273
85 240 -0.0550454 -1.62386
85 245 -0.114817 -1.61948
85 250 -0.115984 -1.60653
85 255 1.61545 -0.549341
90 5 0.0567333 1.57947
90 10 -0.0902805 1.61633
90 15 -0.0951581 1.6228
90 20 -0.0145196 1.62349
90 25 0.043346 1.62094
90 30 0.0656739 1.61748
90 35 0.0811722 1.61371
90 40 0.0893024 1.60983
90 45 0.0943538 1.60579
90 50 0.0973245 1.60158
90 55 0.0990528 1.59717
90 60 0.10105 1.5925
90 65 0.10222 1.58758
90 70 0.104128 1.58235
90 75 0.105413 1.57684
90 80 0.107537 1.57098
90 85 0.109144 1.56479
90 90 0.111574 1.55821
90 95 2.75686 -6.6468e-15
90 100 2.75686 -6.6468e-15
90 105 2.75686 -6.6468e-15
90 110 2.75686 -6.6468e-15
90 115 2.75686 -6.6468e-15
90 120 2.75686 -6.6468e-15
90 125 2.75686 -6.6468e-15
90 130 2.75686 -6.6468e-15
90 135 2.75686 -6.6468e-15
90 140 2.75686 -6.6468e-15
90 145 2.75686 -6.6468e-15
90 150 2.75686 -6.6468e-15
90 155 2.75686 -6.6468e-15
90 160 2.75686 -6.6468e-15
90 165 2.75686 -6.6468e-15
90 170 0.109968 -1.56221
90 175 0.10829 -1.56854
90 180 0.106109 -1.57454
90 185 0.104767 -1.58018
90 190 0.102831 -1.58553
90 195 0.101671 -1.59056
90 200 0.0997351 -1.59533
90 205 0.0982102 -1.59984
90 210 0.0955742 -1.60413
90 215 0.0917561 -1.60823
90 220 0.0852153 -1.61216
90 225 0.0721299 -1.61601
90 230 0.0546655 -1.61959
90 235 0.0109483 -1.62273
90 240 -0.0550454 -1.62386
90 245 -0.114817 -1.61948
90 250 -0.115984 -1.60653
90 255 1.61545 -0.549341
95 5 0.0567333 1.57947
95 10 -0.0902805 1.61633
95 15 -0.0951581 1.6228
95 20 -0.0145196 1.62349
95 25 0.043346 1.62094
95 30 0.0656739 1.61748
95 35 0.0811722 1.61371
95 40 0.0893024 1.60983
95 45 0.0943538 1.60579
95 50 0.0973245 1.60158
95 55 0.0990528 1.59717
95 60 0.10105 1.5925
95 65 0.10222 1.58758
95 70 0.104128 1.58235
95 75 0.105413 1.57684
95 80 0.107537 1.57098
95 85 0.109144 1.56479
95 90 0.111574 1.55821
95 95 2.75686 -6.6468e-15
95 100 2.75686 -6.6468e-15
95 105 2.75686 -6.6468e-15
95 110 2.75686 -6.6468e-15
95 115 2.75686 -6.6468e-15
95 120 2.75686 -6.6468e-15
95 125 2.75686 -6.6468e-15
95 130 2.75686 -6.6468e-15
95 135 2.75686 -6.6468e-15
95 140 2.75686 -6.6468e-15
95 145 2.75686 -6.6468e-15
95 150 2.75686 -6.6468e-15
95 155 2.75686 -6.6468e-15
95 160 2.75686 -6.6468e-15
95 165 2.75686 -6.6468e-15
95 170 0.109968 -1.56221
95 175 0.10829 -1.56854
95 180 0.106109 -1.57454
95 185 0.104767 -1.58018
95 190 0.102831 -1.58553
95 195 0.101671 -1.59056
95 200 0.0997351 -1.59533
95 205 0.0982102 -1.59984
95 210 0.0955742 -1.60413
95 215 0.0917561 -1.60823
95 220 0.0852153 -1.61216
95 225 0.0721299 -1.61601
95 230 0.0546655 -1.61959
95 235 0.0109483 -1.62273
95 240 -0.0550454 -1.62386
95 245 -0.114817 -1.61948
95 250 -0.115984 -1.60653
95 255 1.61545 -0.549341
100 5 0.0567333 1.57947
100 10 -0.0902805 1.61633
100 15 -0.0951581 1.6228
100 20 -0.0145196 1.62349
100 25 0.043346 1.62094
100 30 0.0656739 1.61748
100 35 0.0811722 1.61371
100 40 0.0893024 1.60983
100 45 0.0943538 1.60579
100 50 0.0973245 1.60158
100 55 0.0990528 1.59717
100 60 0.10105 1.5925
100 65 0.10222 1.58758
100 70 0.104128 1.58235
100 75 0.105413 1.57684
100 80 0.107537 1.57098
100 85 0.109144 1.56479
100 90 0.111574 1.55821
100 95 2.75686 -6.6468e-15
100 100 2.75686 -6.6468e-15
100 105 2.75686 -6.6468e-15
100 110 2.75686 -6.6468e-15
100 115 2.75686 -6.6468e-15
100 120 2.75686 -6.6468e-15
100 125 2.75686 -6.6468e-15
100 130 2.75686 -6.6468e-15
100 135 2.75686 -6.6468e-15
100 140 2.75686 -6.6468e-15
100 145 2.75686 -6.6468e-15
100 150 2.75686 -6.6468e-15
100 155 2.75686 -6.6468e-15
100 160 2.75686 -6.6468e-15
100 165 2.75686 -6.6468e-15
100 170 0.109968 -1.56221
100 175 0.10829 -1.56854
100 180 0.106109 -1.57454
100 185 0.104767 -1.58018
100 190 0.102831 -1.58553
100 195 0.101671 -1.59056
100 200 0.0997351 -1.59533
100 205 0.0982102 -1.59984
100 210 0.0955742 -1.60413
100 215 0.0917561 -1.60823
100 220 0.0852153 -1.61216
100 225 0.0721299 -1.61601
100 230 0.0546655 -1.61959
100 235 0.0109483 -1.62273
100 240 -0.0550454 -1.62386
100 245 -0.114817 -1.61948
100 250 -0.115984 -1.60653
100 255 1.61545 -0.549341
105 5 0.0567333 1.57947
105 10 -0.0902805 1.61633
105 15 -0.0951581 1.6228
105 20 -0.0145196 1.62349
105 25 0.043346 1.62094
105 30 0.0656739 1.61748
105 35 0.0811722 1.61371
105 40 0.0893024 1.60983
105 45 0.0943538 1.60579
105 50 0.0973245 1.60158
105 55 0.0990528 1.59717
105 60 0.10105 1.5925
105 65 0.10222 1.58758
105 70 0.104128 1.58235
105 75 0.105413 1.57684
105 80 0.107537 1.57098
105 85 0.109144 1.56479
105 90 0.111574 1.55821
105 95 2.75686 -6.6468e-15
105 100 2.75686 -6.6468e-15
105 105 2.75686 -6.6468e-15
105 110 2.75686 -6.6468e-15
105 115 2.75686 -6.6468e-15
105 120 2.75686 -6.6468e-15
105 125 2.75686 -6.6468e-15
105 130 2.75686 -6.6468e-15
105 135 2.75686 -6.6468e-15
105 140 2.75686 -6.6468e-15
105 145 2.75686 -6.6468e-15
105 150 2.75686 -6.6468e-15
105 155 2.75686 -6.6468e-15
105 160 2.75686 -6.6468e-15
105 165 2.75686 -6.6468e-15
105 170 0.109968 -1.56221
105 175 0.10829 -1.56854
105 180 0.106109 -1.57454
105 185 0.104767 -1.58018
105 190 0.102831 -1.58553
105 195 0.101671 -1.59056
105 200 0.0997351 -1.59533
105 205 0.0982102 -1.59984
105 210 0.0955742 -1.60413
105 215 0.0917561 -1.60823
105 220 0.0852153 -1.61216
105 225 0.0721299 -1.61601
105 230 0.0546655 -1.61959
105 235 0.0109483 -1.62273
105 240 -0.0550454 -1.62386
105 245 -0.114817 -1.61948
105 250 -0.115984 -1.60653
105 255 1.61545 -0.549341
110 5 0.0567333 1.57947
110 10 -0.0902805 1.61633
110 15 -0.0951581 1.6228
110 20 -0.0145196 1.62349
110 25 0.043346 1.62094
110 30 0.0656739 1.61748
110 35 0.0811722 1.61371
110 40 0.0893024 1.60983
110 45 0.0943538 1.60579
110 50 0.0973245 1.60158
110 55 0.0990528 1.59717
110 60 0.10105 1.5925
110 65 0.10222 1.58758
110 70 0.104128 1.58235
110 75 0.105413 1.57684
110 80 0.107537 1.57098
110 85 0.109144 1.56479
110 90 0.111574 1.55821
110 95 2.75686 -6.6468e-15
110 100 2.75686 -6.6468e-15
110 105 2.75686 -6.6468e-15
110 110 2.75686 -6.6468e-15
110 115 2.75686 -6.6468e-15
110 120 2.75686 -6.6468e-15
110 125 2.75686 -6.6468e-15
110 130 2.75686 -6.6468e-15
110 135 2.75686 -6.6468e-15
110 140 2.75686 -6.6468e-15
110 145 2.75686 -6.6468e-15
110 150 2.75686 -6.6468e-15
110 155 2.75686 -6.6468e-15
110 160 2.75686 -6.6468e-15
110 165 2.75686 -6.6468e-15
110 170 0.109968 -1.56221
110 175 0.10829 -1.56854
110 180 0.106109 -1.57454
110 185 0.104767 -1.58018
110 190 0.102831 -1.58553
110 195 0.101671 -1.59056
110 200 0.0997351 -1.59533
110 205 0.0982102 -1.59984
110 210 0.0955742 -1.60413
110 215 0.0917561 -1.60823
110 220 0.0852153 -1.61216
110 225 0.0721299 -1.61601
110 230 0.0546655 -1.61959
110 235 0.0109483 -1.62273
110 240 -0.0550454 -1.62386
110 245 -0.114817 -1.61948
110 250 -0.115984 -1.60653
110 255 1.61545 -0.549341
115 5 0.0567333 1.57947
115 10 -0.0902805 1.61633
115 15 -0.0951581 1.6228
115 20 -0.0145196 1.62349
115 25 0.043346 1.62094
115 30 0.0656739 1.61748
115 35 0.0811722 1.61371
115 40 0.0893024 1.60983
115 45 0.0943538 1.60579
115 50 0.0973245 1.60158
115 55 0.0990528 1.59717
115 60 0.10105 1.5925
115 65 0.10222 1.58758
115 70 0.104128 1.58235
115 75 0.105413 1.57684
115 80 0.107537 1.57098
115 85 0.109144 1.56479
115 90 0.111574 1.55821
115 95 2.75686 -6.6468e-15
115 100 2.75686 -6.6468e-15
115 105 2.75686 -6.6468e-15
115 110 2.75686 -6.6468e-15
115 115 2.75686 -6.6468e-15
115 120 2.75686 -6.6468e-15
115 125 2.75686 -6.6468e-15
115 130 2.75686 -6.6468e-15
115 135 2.75686 -6.6468e-15
115 140 2.75686 -6.6468e-15
115 145 2.75686 -6.6468e-15
115 150 2.75686 -6.6468e-15
115 155 2.75686 -6.6468e-15
115 160 2.75686 -6.6468e-15
115 165 2.75686 -6.6468e-15
115 170 0.109968 -1.56221
115 175 0.10829 -1.56854
115 180 0.106109 -1.57454
115 185 0.104767 -1.58018
115 190 0.102831 -1.58553
115 195 0.101671 -1.59056
115 200 0.0997351 -1.59533
115 205 0.0982102 -1.59984
115 210 0.0955742 -1.60413
115 215 0.0917561 -1.60823
115 220 0.0852153 -1.61216
115 225 0.0721299 -1.61601
115 230 0.0546655 -1.61959
115 235 0.0109483 -1.62273
115 240 -0.0550454 -1.62386
115 245 -0.114817 -1.61948
115 250 -0.115984 -1.60653
115 255 1.61545 -0.549341
120 5 0.0567333 1.57947
120 10 -0.0902805 1.61633
120 15 -0.0951581 1.6228
120 20 -0.0145196 1.62349
120 25 0.043346 1.62094
120 30 0.0656739 1.61748
120 35 0.0811722 1.61371
120 40 0.0893024 1.60983
120 45 0.0943538 1.60579
120 50 0.0973245 1.60158
120 55 0.0990528 1.59717
120 60 0.10105 1.5925
120 65 0.10222 1.58758
120 70 0.104128 1.58235
120 75 0.105413 1.57684
120 80 0.107537 1.57098
120 85 0.109144 1.56479
120 90 0.111574 1.55821
120 95 2.75686 -6.6468e-15
120 100 2.75686 -6.6468e-15
120 105 2.75686 -6.6468e-15
120 110 2.75686 -6.6468e-15
120 115 2.75686 -6.6468e-15
120 120 2.75686 -6.6468e-15
120 125 2.75686 -6.6468e-15
120 130 2.75686 -6.6468e-15
120 135 2.75686 -6.6468e-15
120 140 2.75686 -6.6468e-15
120 145 2.75686 -6.6468e-15
120 150 2.75686 -6.6468e-15
120 155 2.75686 -6.6468e-15
120 160 2.75686 -6.6468e-15
120 165 2.75686 -6.6468e-15
120 170 0.109968 -1.56221
120 175 0.10829 -1.56854
120 180 0.106109 -1.57454
120 185 0.104767 -1.58018
120 190 0.102831 -1.58553
120 195 0.101671 -1.59056
120 200 0.0997351 -1.59533
120 205 0.0982102 -1.59984
120 210 0.0955742 -1.60413
120 215 0.0917561 -1.60823
120 220 0.0852153 -1.61216
120 225 0.0721299 -1.61601
120 230 0.0546655 -1.61959
120 235 0.0109483 -1.62273
120 240 -0.0550454 -1.62386
120 245 -0.114817 -1.61948
120 250 -0.115984 -1.60653
120 255 1.61545 -0.549341
125 5 0.0567333 1.57947
125 10 -0.0902805 1.61633
125 15 -0.0951581 1.6228
125 20 -0.0145196 1.62349
125 25 0.043346 1.62094
125 30 0.0656739 1.61748
125 35 0.0811722 1.61371
125 40 0.0893024 1.60983
125 45 0.0943538 1.60579
125 50 0.0973245 1.60158
125 55 0.0990528 1.59717
125 60 0.10105 1.5925
125 65 0.10222 1.58758
125 70 0.104128 1.58235
125 75 0.105413 1.57684
125 80 0.107537 1.57098
125 85 0.109144 1.56479
125 90 0.111574 1.55821
125 95 2.75686 -6.6468e-15
125 100 2.75686 -6.6468e-15
125 105 2.75686 -6.6468e-15
125 110 2.75686 -6.6468e-15
125 115 2.75686 -6.6468e-15
125 120 2.75686 -6.6468e-15
125 125 2.75686 -6.6468e-15
125 130 2.75686 -6.6468e-15
125 135 2.75686 -6.6468e-15
125 140 2.75686 -6.6468e-15
125 145 2.75686 -6.6468e-15
125 150 2.75686 -6.6468e-15
125 155 2.75686 -6.6468e-15
125 160 2.75686 -6.6468e-15
125 165 2.75686 -6.6468e-15
125 170 0.109968 -1.56221
125 175 0.10829 -1.56854
125 180 0.106109 -1.57454
125 185 0.104767 -1.58018
125 190 0.102831 -1.58553
125 195 0.101671 -1.59056
125 200 0.0997351 -1.59533
125 205 0.0982102 -1.59984
125 210 0.0955742 -1.60413
125 215 0.0917561 -1.60823
125 220 0.0852153 -1.61216
125 225 0.0721299 -1.61601
125 230 0.0546655 -1.61959
125 235 0.0109483 -1.62273
125 240 -0.0550454 -1.62386
125 245 -0.114817 -1.61948
125 250 -0.115984 -1.60653
125 255 1.61545 -0.549341
130 5 0.0567333 1.57947
130 10 -0.0902805 1.61633
130 15 -0.0951581 1.6228
130 20 -0.0145196 1.62349
130 25 0.043346 1.62094
130 30 0.0656739 1.61748
130 35 0.0811722 1.61371
130 40 0.0893024 1.60983
130 45 0.0943538 1.60579
130 50 0.0973245 1.60158
130 55 0.0990528 1.59717
130 60 0.10105 1.5925
130 65 0.10222 1.58758
130 70 0.104128 1.58235
130 75 0.105413 1.57684
130 80 0.107537 1.57098
130 85 0.109144 1.56479
130 90 0.111574 1.55821
130 95 2.75686 -6.6468e-15
130 100 2.75686 -6.6468e-15
130 105 2.75686 -6.6468e-15
130 110 2.75686 -6.6468e-15
130 115 2.75686 -6.6468e-15
130 120 2.75686 -6.6468e-15
130 125 2.75686 -6.6468e-15
130 130 2.75686 -6.6468e-15
130 135 2.75686 -6.6468e-15
130 140 2.75686 -6.6468e-15
130 145 2.75686 -6.6468e-15
130 150 2.75686 -6.6468e-15
130 155 2.75686 -6.6468e-15
130 160 2.75686 -6.6468e-15
130 165 2.75686 -6.6468e-15
130 170 0.109968 -1.56221
130 175 0.10829 -1.56854
130 180 0.106109 -1.57454
130 185 0.104767 -1.58018
130 190 0.102831 -1.58553
130 195 0.101671 -1.59056
130 200 0.0997351 -1.59533
130 205 0.0982102 -1.59984
130 210 0.0955742 -1.60413
130 215 0.0917561 -1.60823
130 220 0.0852153 -1.61216
130 225 0.0721299 -1.61601
130 230 0.0546655 -1.61959
130 235 0.0109483 -1.62273
130 240 -0.0550454 -1.62386
130 245 -0.114817 -1.61948
130 250 -0.115984 -1.60653
130 255 1.61545 -0.549341
135 5 0.0567333 1.57947
135 10 -0.0902805 1.61633
135 15 -0.0951581 1.6228
135 20 -0.0145196 1.62349
135 25 0.043346 1.62094
135 30 0.0656739 1.61748
135 35 0.0811722 1.61371
135 40 0.0893024 1.60983
135 45 0.0943538 1.60579
135 50 0.0973245 1.60158
135 55 0.0990528 1.59717
135 60 0.10105 1.5925
135 65 0.10222 1.58758
135 70 0.104128 1.58235
135 75 0.105413 1.57684
135 80 0.107537 1.57098
135 85 0.109144 1.56479
135 90 0.111574 1.55821
135 95 2.75686 -6.6468e-15
135 100 2.75686 -6.6468e-15
135 105 2.75686 -6.6468e-15
135 110 2.75686 -6.6468e-15
135 115 2.75686 -6.6468e-15
135 120 2.75686 -6.6468e-15
135 125 2.75686 -6.6468e-15
135 130 2.75686 -6.6468e-15
135 135 2.75686 -6.6468e-15
135 140 2.75686 -6.6468e-15
135 145 2.75686 -6.6468e-15
135 150 2.75686 -6.6468e-15
135 155 2.75686 -6.6468e-15
135 160 2.75686 -6.6468e-15
135 165 2.75686 -6.6468e-15
135 170 0.109968 -1.56221
135 175 0.10829 -1.56854
135 180 0.106109 -1.57454
135 185 0.104767 -1.58018
135 190 0.102831 -1.58553
135 195 0.101671 -1.59056
135 200 0.0997351 -1.59533
135 205 0.0982102 -1.59984
135 210 0.0955742 -1.60413
135 215 0.0917561 -1.60823
135 220 0.0852153 -1.61216
135 225 0.0721299 -1.61601
135 230 0.0546655 -1.61959
135 235 0.0109483 -1.62273
135 240 -0.0550454 -1.62386
135 245 -0.114817 -1.61948
135 250 -0.115984 -1.60653
135 255 1.61545 -0.549341
140 5 0.0567333 1.57947
140 10 -0.0902805 1.61633
140 15 -0.0951581 1.6228
140 20 -0.0145196 1.62349
140 25 0.043346 1.62094
140 30 0.0656739 1.61748
140 35 0.0811722 1.61371
140 40 0.0893024 1.60983
140 45 0.0943538 1.60579
140 50 0.0973245 1.60158
140 55 0.0990528 1.59717
140 60 0.10105 1.5925
140 65 0.10222 1.58758
140 70 0.104128 1.58235
140 75 0.105413 1.57684
140 80 0.107537 1.57098
140 85 0.109144 1.56479
140 90 0.111574 1.55821
140 95 2.75686 -6.6468e-15
140 100 2.75686 -6.6468e-15
140 105 2.75686 -6.6468e-15
140 110 2.75686 -6.6468e-15
140 115 2.75686 -6.6468e-15
140 120 2.75686 -6.6468e-15
140 125 2.75686 -6.6468e-15
140 130 2.75686 -6.6468e-15
140 135 2.75686 -6.6468e-15
140 140 2.75686 -6.6468e-15
140 145 2.75686 -6.6468e-15
140 150 2.75686 -6.6468e-15
140 155 2.75686 -6.6468e-15
140 160 2.75686 -6.6468e-15
140 165 2.75686 -6.6468e-15
140 170 0.109968 -1.56221
140 175 0.10829 -1.56854
140 180 0.106109 -1.57454
140 185 0.104767 -1.58018
140 190 0.102831 -1.58553
140 195 0.101671 -1.59056
140 200 0.0997351 -1.59533
140 205 0.0982102 -1.59984
140 210 0.0955742 -1.60413
140 215 0.0917561 -1.60823
140 220 0.0852153 -1.61216
140 225 0.0721299 -1.61601
140 230 0.0546655 -1.61959
140 235 0.0109483 -1.62273
140 240 -0.0550454 -1.62386
140 245 -0.114817 -1.61948
140 250 -0.115984 -1.60653
140 255 1.61545 -0.549341
145 5 0.0567333 1.57947
145 10 -0.0902805 1.61633
145 15 -0.0951581 1.6228
145 20 -0.0145196 1.62349
145 25 0.043346 1.62094
145 30 0.0656739 1.61748
145 35 0.0811722 1.61371
145 40 0.0893024 1.60983
145 45 0.0943538 1.60579
145 50 0.0973245 1.60158
145 55 0.0990528 1.59717
145 60 0.10105 1.5925
145 65 0.10222 1.58758
145 70 0.104128 1.58235
145 75 0.105413 1.57684
145 80 0.107537 1.57098
145 85 0.109144 1.56479
145 90 0.111574 1.55821
145 95 2.75686 -6.6468e-15
145 100 2.75686 -6.6468e-15
145 105 2.75686 -6.6468e-15
145 110 2.75686 -6.6468e-15
145 115 2.75686 -6.6468e-15
145 120 2.75686 -6.6468e-15
145 125 2.75686 -6.6468e-15
145 130 2.75686 -6.6468e-15
145 135 2.75686 -6.6468e-15
145 140 2.75686 -6.6468e-15
145 145 2.75686 -6.6468e-15
145 150 2.75686 -6.6468e-15
145 155 2.75686 -6.6468e-15
145 160 2.75686 -6.6468e-15
145 165 2.75686 -6.6468e-15
145 170 0.109968 -1.56221
145 175 0.10829 -1.56854
145 180 0.106109 -1.57454
145 185 0.104767 -1.58018
145 190 0.102831 -1.58553
145 195 0.101671 -1.59056
145 200 0.0997351 -1.59533
145 205 0.0982102 -1.59984
145 210 0.0955742 -1.60413
145 215 0.0917561 -1.60823
145 220 0.0852153 -1.61216
145 225 0.0721299 -1.61601
145 230 0.0546655 -1.61959
145 235 0.0109483 -1.62273
145 240 -0.0550454 -1.62386
145 245 -0.114817 -1.61948
145 250 -0.115984 -1.60653
145 255 1.61545 -0.549341
150 5 0.0567333 1.57947
150 10 -0.0902805 1.61633
150 15 -0.0951581 1.6228
150 20 -0.0145196 1.62349
150 25 0.043346 1.62094
150 30 0.0656739 1.61748
150 35 0.0811722 1.61371
150 40 0.0893024 1.60983
150 45 0.0943538 1.60579
150 50 0.0973245 1.60158
150 55 0.0990528 1.59717
150 60 0.10105 1.5925
150 65 0.10222 1.58758
150 70 0.104128 1.58235
150 75 0.105413 1.57684
150 80 0.107537 1.57098
150 85 0.109144 1.56479
150 90 0.111574 1.55821
150 95 2.75686 -6.6468e-15
150 100 2.75686 -6.6468e-15
150 105 2.75686 -6.6468e-15
150 110 2.75686 -6.6468e-15
150 115 2.75686 -6.6468e-15
150 120 2.75686 -6.6468e-15
150 125 2.75686 -6.6468e-15
150 130 2.75686 -6.6468e-15
150 135 2.75686 -6.6468e-15
150 140 2.75686 -6.6468e-15
150 145 2.75686 -6.6468e-15
150 150 2.75686 -6.6468e-15
150 155 2.75686 -6.6468e-15
150 160 2.75686 -6.6468e-15
150 165 2.75686 -6.6468e-15
150 170 0.109968 -1.56221
150 175 0.10829 -1.56854
150 180 0.106109 -1.57454
150 185 0.104767 -1.58018
150 190 0.102831 -1.58553
150 195 0.101671 -1.59056
150 200 0.0997351 -1.59533
150 205 0.0982102 -1.59984
150 210 0.0955742 -1.60413
150 215 0.0917561 -1.60823
150 220 0.0852153 -1.61216
150 225 0.0721299 -1.61601
150 230 0.0546655 -1.61959
150 235 0.0109483 -1.62273
150 240 -0.0550454 -1.62386
150 245 -0.114817 -1.61948
150 250 -0.115984 -1.60653
150 255 1.61545 -0.549341
155 5 0.0567333 1.57947
155 10 -0.0902805 1.61633
155 15 -0.0951581 1.6228
155 20 -0.0145196 1.62349
155 25 0.043346 1.62094
155 30 0.0656739 1.61748
155 35 0.0811722 1.61371
155 40 0.0893024 1.60983
155 45 0.0943538 1.60579
155 50 0.0973245 1.60158
155 55 0.0990528 1.59717
155 60 0.10105 1.5925
155 65 0.10222 1.58758
155 70 0.104128 1.58235
155 75 0.105413 1.57684
155 80 0.107537 1.57098
155 85 0.109144 1.56479
155 90 0.111574 1.55821
155 95 2.75686 -6.6468e-15
155 100 2.75686 -6.6468e-15
155 105 2.75686 -6.6468e-15
155 110 2.75686 -6.6468e-15
155 115 2.75686 -6.6468e-15
155 120 2.75686 -6.6468e-15
155 125 2.75686 -6.6468e-15
155 130 2.75686 -6.6468e-15
155 135 2.75686 -6.6468e-15
155 140 2.75686 -6.6468e-15
155 145 2.75686 -6.6468e-15
155 150 2.75686 -6.6468e-15
155 155 2.75686 -6.6468e-15
155 160 2.75686 -6.6468e-15
155 165 2.75686 -6.6468e-15
155 170 0.109968 -1.56221
155 175 0.10829 -1.56854
155 180 0.106109 -1.57454
155 185 0.104767 -1.58018
155 190 0.102831 -1.58553
155 195 0.101671 -1.59056
155 200 0.0997351 -1.59533
155 205 0.0982102 -1.59984
155 210 0.0955742 -1.60413
155 215 0.0917561 -1.60823
155 220 0.0852153 -1.61216
155 225 0.0721299 -1.61601
155 230 0.0546655 -1.61959
155 235 0.0109483 -1.62273
155 240 -0.0550454 -1.62386
155 245 -0.114817 -1.61948
155 250 -0.115984 -1.60653
155 255 1.61545 -0.549341
160 5 0.0567333 1.57947
160 10 -0.0902805 1.61633
160 15 -0.0951581 1.6228
160 20 -0.0145196 1.62349
160 25 0.043346 1.62094
160 30 0.0656739 1.61748
160 35 0.0811722 1.61371
160 40 0.0893024 1.60983
160 45 0.0943538 1.60579
160 50 0.0973245 1.60158
160 55 0.0990528 1.59717
160 60 0.10105 1.5925
160 65 0.10222 1.58758
160 70 0.104128 1.58235
160 75 0.105413 1.57684
160 80 0.107537 1.57098
160 85 0.109144 1.56479
160 90 0.111574 1.55821
160 95 2.75686 -6.6468e-15
160 100 2.75686 -6.6468e-15
160 105 2.75686 -6.6468e-15
160 110 2.75686 -6.6468e-15
160 115 2.75686 -6.6468e-15
160 120 2.75686 -6.6468e-15
160 125 2.75686 -6.6468e-15
160 130 2.75686 -6.6468e-15
160 135 2.75686 -6.6468e-15
160 140 2.75686 -6.6468e-15
160 145 2.75686 -6.6468e-15
160 150 2.75686 -6.6468e-15
160 155 2.75686 -6.6468e-15
160 160 2.75686 -6.6468e-15
160 165 2.75686 -6.6468e-15
160 170 0.109968 -1.56221
160 175 0.10829 -1.56854
160 180 0.106109 -1.57454
160 185 0.104767 -1.58018
160 190 0.102831 -1.58553
160 195 0.101671 -1.59056
160 200 0.0997351 -1.59533
160 205 0.0982102 -1.59984
160 210 0.0955742 -1.60413
160 215 0.0917561 -1.60823
160 220 0.0852153 -1.61216
160 225 0.0721299 -1.61601
160 230 0.0546655 -1.61959
160 235 0.0109483 -1.62273
160 240 -0.0550454 -1.62386
160 245 -0.114817 -1.61948
160 250 -0.115984 -1.60653
160 255 1.61545 -0.549341
165 5 0.0567333 1.57947
165 10 -0.0902805 1.61633
165 15 -0.0951581 1.6228
165 20 -0.0145196 1.62349
165 25 0.043346 1.62094
165 30 0.0656739 1.61748
165 35 0.0811722 1.61371
165 40 0.0893024 1.60983
165 45 0.0943538 1.60579
165 50 0.0973245 1.60158
165 55 0.0990528 1.59717
165 60 0.10105 1.5925
165 65 0.10222 1.58758
165 70 0.104128 1.58235
165 75 0.105413 1.57684
165 80 0.107537 1.57098
165 85 0.109144 1.56479
165 90 0.111574 1.55821
165 95 2.75686 -6.6468e-15
165 100 2.75686 -6.6468e-15
165 105 2.75686 -6.6468e-15
165 110 2.75686 -6.6468e-15
165 115 2.75686 -6.6468e-15
165 120 2.75686 -6.6468e-15
165 125 2.75686 -6.6468e-15
165 130 2.75686 -6.6468e-15
165 135 2.75686 -6.6468e-15
165 140 2.75686 -6.6468e-15
165 145 2.75686 -6.6468e-15
165 150 2.75686 -6.6468e-15
165 155 2.75686 -6.6468e-15
165 160 2.75686 -6.6468e-15
165 165 2.75686 -6.6468e-15
165 170 0.109968 -1.56221
165 175 0.10829 -1.56854
165 180 0.106109 -1.57454
165 185 0.104767 -1.58018
165 190 0.102831 -1.58553
165 195 0.101671 -1.59056
165 200 0.0997351 -1.59533
165 205 0.0982102 -1.59984
165 210 0.0955742 -1.60413
165 215 0.0917561 -1.60823
165 220 0.0852153 -1.61216
165 225 0.0721299 -1.61601
165 230 0.0546655 -1.61959
165 235 0.0109483 -1.62273
165 240 -0.0550454 -1.62386
165 245 -0.114817 -1.61948
165 250 -0.115984 -1.60653
165 255 1.61545 -0.549341
170 5 0.0567333 1.57947
170 10 -0.0902805 1.61633
170 15 -0.0951581 1.6228
170 20 -0.0145196 1.62349
170 25 0.043346 1.62094
170 30 0.0656739 1.61748
170 35 0.0811722 1.61371
170 40 0.0893024 1.60983
170 45 0.0943538 1.60579
170 50 0.0973245 1.60158
170 55 0.0990528 1.59717
170 60 0.10105 1.5925
170 65 0.10222 1.58758
170 70 0.104128 1.58235
170 75 0.105413 1.57684
170 80 0.107537 1.57098
170 85 0.109144 1.56479
170 90 0.111574 1.55821
170 95 2.75686 -6.6468e-15
170 100 2.75686 -6.6468e-15
170 105 2.75686 -6.6468e-15
170 110 2.75686 -6.6468e-15
170 115 2.75686 -6.6468e-15
170 120 2.75686 -6.6468e-15
170 125 2.75686 -6.6468e-15
170 130 2.75686 -6.6468e-15
170 135 2.75686 -6.6468e-15
170 140 2.75686 -6.6468e-15
170 145 2.75686 -6.6468e-15
170 150 2.75686 -6.6468e-15
170 155 2.75686 -6.6468e-15
170 160 2.75686 -6.6468e-15
170 165 2.75686 -6.6468e-15
170 170 0.109968 -1.56221
170 175 0.10829 -1.56854
170 180 0.106109 -1.57454
170 185 0.104767 -1.58018
170 190 0.102831 -1.58553
170 195 0.101671 -1.59056
170 200 0.0997351 -1.59533
170 205 0.0982102 -1.59984
170 210 0.0955742 -1.60413
170 215 0.0917561 -1.60823
170 220 0.0852153 -1.61216
170 225 0.0721299 -1.61601
170 230 0.0546655 -1.61959
170 235 0.0109483 -1.62273
170 240 -0.0550454 -1.62386
170 245 -0.114817 -1.61948
170 250 -0.115984 -1.60653
170 255 1.61545 -0.549341
175 5 0.0567333 1.57947
175 10 -0.0902805 1.61633
175 15 -0.0951581 1.6228
175 20 -0.0145196 1.62349
175 25 0.043346 1.62094
175 30 0.0656739 1.61748
175 35 0.0811722 1.61371
175 40 0.0893024 1.60983
175 45 0.0943538 1.60579
175 50 0.0973245 1.60158
175 55 0.0990528 1.59717
175 60 0.10105 1.5925
175 65 0.10222 1.58758
175 70 0.104128 1.58235
175 75 0.105413 1.57684
175 80 0.107537 1.57098
175 85 0.109144 1.56479
175 90 0.111574 1.55821
175 95 2.75686 -6.6468e-15
175 100 2.75686 -6.6468e-15
175 105 2.75686 -6.6468e-15
175 110 2.75686 -6.6468e-15
175 115 2.75686 -6.6468e-15
175 120 2.75686 -6.6468e-15
175 125 2.75686 -6.6468e-15
175 130 2.75686 -6.6468e-15
175 135 2.75686 -6.6468e-15
175 140 2.75686 -6.6468e-15
175 145 2.75686 -6.6468e-15
175 150 2.75686 -6.6468e-15
175 155 2.75686 -6.6468e-15
175 160 2.75686 -6.6468e-15
175 165 2.75686 -6.6468e-15
175 170 0.109968 -1.56221
175 175 0.10829 -1.56854
175 180 0.106109 -1.57454
175 185 0.104767 -1.58018
175 190 0.102831 -1.58553
175 195 0.101671 -1.59056
175 200 0.0997351 -1.59533
175 205 0.0982102 -1.59984
175 210 0.0955742 -1.60413
175 215 0.0917561 -1.60823
175 220 0.0852153 -1.61216
175 225 0.0721299 -1.61601
175 230 0.0546655 -1.61959
175 235 0.0109483 -1.62273
175 240 -0.0550454 -1.62386
175 245 -0.114817 -1.61948
175 250 -0.115984 -1.60653
175 255 1.61545 -0.549341
180 5 0.0567333 1.57947
180 10 -0.0902805 1.61633
180 15 -0.0951581 1.6228
180 20 -0.0145196 1.62349
180 25 0.043346 1.62094
180 30 0.0656739 1.61748
180 35 0.0811722 1.61371
180 40 0.0893024 1.60983
180 45 0.0943538 1.60579
180 50 0.0973245 1.60158
180 55 0.0990528 1.59717
180 60 0.10105 1.5925
180 65 0.10222 1.58758
180 70 0.104128 1.58235
180 75 0.105413 1.57684
180 80 0.107537 1.57098
180 85 0.109144 1.56479
180 90 0.111574 1.55821
180 95 2.75686 -6.6468e-15
180 100 2.75686 -6.6468e-15
180 105 2.75686 -6.6468e-15
180 110 2.75686 -6.6468e-15
180 115 2.75686 -6.6468e-15
180 120 2.75686 -6.6468e-15
180 125 2.75686 -6.6468e-15
180 130 2.75686 -6.6468e-15
180 135 2.75686 -6.6468e-15
180 140 2.75686 -6.6468e-15
180 145 2.75686 -6.6468e-15
180 150 2.75686 -6.6468e-15
180 155 2.75686 -6.6468e-15
180 160 2.75686 -6.6468e-15
180 165 2.75686 -6.6468e-15
180 170 0.109968 -1.56221
180 175 0.10829 -1.56854
180 180 0.106109 -1.57454
180 185 0.104767 -1.58018
180 190 0.102831 -1.58553
180 195 0.101671 -1.59056
180 200 0.0997351 -1.59533
180 205 0.0982102 -1.59984
180 210 0.0955742 -1.60413
180 215 0.0917561 -1.60823
180 220 0.0852153 -1.61216
180 225 0.0721299 -1.61601
180 230 0.0546655 -1.61959
180 235 0.0109483 -1.62273
180 240 -0.0550454 -1.62386
180 245 -0.114817 -1.61948
180 250 -0.115984 -1.60653
180 255 1.61545 -0.549341
185 5 0.0567333 1.57947
185 10 -0.0902805 1.61633
185 15 -0.0951581 1.6228
185 20 -0.0145196 1.62349
185 25 0.043346 1.62094
185 30 0.0656739 1.61748
185 35 0.0811722 1.61371
185 40 0.0893024 1.60983
185 45 0.0943538 1.60579
185 50 0.0973245 1.60158
185 55 0.0990528 1.59717
185 60 0.10105 1.5925
185 65 0.10222 1.58758
185 70 0.104128 1.58235
185 75 0.105413 1.57684
185 80 0.107537 1.57098
185 85 0.109144 1.56479
185 90 0.111574 1.55821
185 95 2.75686 -6.6468e-15
185 100 2.75686 -6.6468e-15
185 105 2.75686 -6.6468e-15
185 110 2.75686 -6.6468e-15
185 115 2.75686 -6.6468e-15
185 120 2.75686 -6.6468e-15
185 125 2.75686 -6.6468e-15
185 130 2.75686 -6.6468e-15
185 135 2.75686 -6.6468e-15
185 140 2.75686 -6.6468e-15
185 145 2.75686 -6.6468e-15
185 150 2.75686 -6.6468e-15
185 155 2.75686 -6.6468e-15
185 160 2.75686 -6.6468e-15
185 165 2.75686 -6.6468e-15
185 170 0.109968 -1.56221
185 175 0.10829 -1.56854
185 180 0.106109 -1.57454
185 185 0.104767 -1.58018
185 190 0.102831 -1.58553
185 195 0.101671 -1.59056
185 200 0.0997351 -1.59533
185 205 0.0982102 -1.59984
185 210 0.0955742 -1.60413
185 215 0.0917561 -1.60823
185 220 0.0852153 -1.61216
185 225 0.0721299 -1.61601
185 230 0.0546655 -1.61959
185 235 0.0109483 -1.62273
185 240 -0.0550454 -1.62386
185 245 -0.114817 -1.61948
185 250 -0.115984 -1.60653
185 255 1.61545 -0.549341
190 5 0.0567333 1.57947
190 10 -0.0902805 1.61633
190 15 -0.0951581 1.6228
190 20 -0.0145196 1.62349
190 25 0.043346 1.62094
190 30 0.0656739 1.61748
190 35 0.0811722 1.61371
190 40 0.0893024 1.60983
190 45 0.0943538 1.60579
190 50 0.0973245 1.60158
190 55 0.0990528 1.59717
190 60 0.10105 1.5925
190 65 0.10222 1.58758
190 70 0.104128 1.58235
190 75 0.105413 1.57684
190 80 0.107537 1.57098
190 85 0.109144 1.56479
190 90 0.111574 1.55821
190 95 2.75686 -6.6468e-15
190 100 2.75686 -6.6468e-15
190 105 2.75686 -6.6468e-15
190 110 2.75686 -6.6468e-15
190 115 2.75686 -6.6468e-15
190 120 2.75686 -6.6468e-15
190 125 2.75686 -6.6468e-15
190 130 2.75686 -6.6468e-15
190 135 2.75686 -6.6468e-15
190 140 2.75686 -6.6468e-15
190 145 2.75686 -6.6468e-15
190 150 2.75686 -6.6468e-15
190 155 2.75686 -6.6468e-15
190 160 2.75686 -6.6468e-15
190 165 2.75686 -6.6468e-15
190 170 0.109968 -1.56221
190 175 0.10829 -1.56854
190 180 0.106109 -1.57454
190 185 0.104767 -1.58018
190 190 0.102831 -1.58553
190 195 0.101671 -1.59056
190 200 0.0997351 -1.59533
190 205 0.0982102 -1.59984
190 210 0.0955742 -1.60413
190 215 0.0917561 -1.60823
190 220 0.0852153 -1.61216
190 225 0.0721299 -1.61601
190 230 0.0546655 -1.61959
190 235 0.0109483 -1.62273
190 240 -0.0550454 -1.62386
190 245 -0.114817 -1.61948
190 250 -0.115984 -1.60653
190 255 1.61545 -0.549341
195 5 0.0567333 1.57947
195 10 -0.0902805 1.61633
195 15 -0.0951581 1.6228
195 20 -0.0145196 1.62349
195 25 0.043346 1.62094
195 30 0.0656739 1.61748
195 35 0.0811722 1.61371
195 40 0.0893024 1.60983
195 45 0.0943538 1.60579
195 50 0.0973245 1.60158
195 55 0.0990528 1.59717
195 60 0.10105 1.5925
195 65 0.10222 1.58758
195 70 0.104128 1.58235
195 75 0.105413 1.57684
195 80 0.107537 1.57098
195 85 0.109144 1.56479
195 90 0.111574 1.55821
195 95 2.75686 -6.6468e-15
195 100 2.75686 -6.6468e-15
195 105 2.75686 -6.6468e-15
195 110 2.75686 -6.6468e-15
195 115 2.75686 -6.6468e-15
195 120 2.75686 -6.6468e-15
195 125 2.75686 -6.6468e-15
195 130 2.75686 -6.6468e-15
195 135 2.75686 -6.6468e-15
195 140 2.75686 -6.6468e-15
195 145 2.75686 -6.6468e-15
195 150 2.75686 -6.6468e-15
195 155 2.75686 -6.6468e-15
195 160 2.75686 -6.6468e-15
195 165 2.75686 -6.6468e-15
195 170 0.109968 -1.56221
195 175 0.10829 -1.56854
195 180 0.106109 -1.57454
195 185 0.104767 -1.58018
195 190 0.102831 -1.58553
195 195 0.101671 -1.59056
195 200 0.0997351 -1.59533
195 205 0.0982102 -1.59984
195 210 0.0955742 -1.60413
195 215 0.0917561 -1.60823
195 220 0.0852153 -1.61216
195 225 0.0721299 -1.61601
195 230 0.0546655 -1.61959
195 235 0.0109483 -1.62273
195 240 -0.0550454 -1.62386
195 245 -0.114817 -1.61948
195 250 -0.115984 -1.60653
195 255 1.61545 -0.549341
200 5 0.0567333 1.57947
200 10 -0.0902805 1.61633
200 15 -0.0951581 1.6228
200 20 -0.0145196 1.62349
200 25 0.043346 1.62094
200 30 0.0656739 1.61748
200 35 0.0811722 1.61371
200 40 0.0893024 1.60983
200 45 0.0943538 1.60579
200 50 0.0973245 1.60158
200 55 0.0990528 1.59717
200 60 0.10105 1.5925
200 65 0.10222 1.58758
200 70 0.104128 1.58235
200 75 0.105413 1.57684
200 80 0.107537 1.57098
200 85 0.109144 1.56479
200 90 0.111574 1.55821
200 95 2.75686 -6.6468e-15
200 100 2.75686 -6.6468e-15
200 105 2.75686 -6.6468e-15
200 110 2.75686 -6.6468e-15
200 115 2.75686 -6.6468e-15
200 120 2.75686 -6.6468e-15
200 125 2.75686 -6.6468e-15
200 130 2.75686 -6.6468e-15
200 135 2.75686 -6.6468e-15
200 140 2.75686 -6.6468e-15
200 145 2.75686 -6.6468e-15
200 150 2.75686 -6.6468e-15
200 155 2.75686 -6.6468e-15
200 160 2.75686 -6.6468e-15
200 165 2.75686 -6.6468e-15
200 170 0.109968 -1.56221
200 175 0.10829 -1.56854
200 180 0.106109 -1.57454
200 185 0.104767 -1.58018
200 190 0.102831 -1.58553
200 195 0.101671 -1.59056
200 200 0.0997351 -1.59533
200 205 0.0982102 -1.59984
200 210 0.0955742 -1.60413
200 215 0.0917561 -1.60823
200 220 0.0852153 -1.61216
200 225 0.0721299 -1.61601
200 230 0.0546655 -1.61959
200 235 0.0109483 -1.62273
200 240 -0.0550454 -1.62386
200 245 -0.114817 -1.61948
200 250 -0.115984 -1.60653
200 255 1.61545 -0.549341
205 5 0.0567333 1.57947
205 10 -0.0902805 1.61633
205 15 -0.0951581 1.6228
205 20 -0.0145196 1.62349
205 25 0.043346 1.62094
205 30 0.0656739 1.61748
205 35 0.0811722 1.61371
205 40 0.0893024 1.60983
205 45 0.0943538 1.60579
205 50 0.0973245 1.60158
205 55 0.0990528 1.59717
205 60 0.10105 1.5925
205 65 0.10222 1.58758
205 70 0.104128 1.58235
205 75 0.105413 1.57684
205 80 0.107537 1.57098
205 85 0.109144 1.56479
205 90 0.111574 1.55821
205 95 2.75686 -6.6468e-15
205 100 2.75686 -6.6468e-15
205 105 2.75686 -6.6468e-15
205 110 2.75686 -6.6468e-15
205 115 2.75686 -6.6468e-15
205 120 2.75686 -6.6468e-15
205 125 2.75686 -6.6468e-15
205 130 2.75686 -6.6468e-15
205 135 2.75686 -6.6468e-15
205 140 2.75686 -6.6468e-15
205 145 2.75686 -6.6468e-15
205 150 2.75686 -6.6468e-15
205 155 2.75686 -6.6468e-15
205 160 2.75686 -6.6468e-15
205 165 2.75686 -6.6468e-15
205 170 0.109968 -1.56221
205 175 0.10829 -1.56854
205 180 0.106109 -1.57454
205 185 0.104767 -1.58018
205 190 0.102831 -1.58553
205 195 0.101671 -1.59056
205 200 0.0997351 -1.59533
205 205 0.0982102 -1.59984
205 210 0.0955742 -1.60413
205 215 0.0917561 -1.60823
205 220 0.0852153 -1.61216
205 225 0.0721299 -1.61601
205 230 0.0546655 -1.61959
205 235 0.0109483 -1.62273
205 240 -0.0550454 -1.62386
205 245 -0.114817 -1.61948
205 250 -0.115984 -1.60653
205 255 1.61545 -0.549341
210 5 0.0567333 1.57947
210 10 -0.0902805 1.61633
210 15 -0.0951581 1.6228
210 20 -0.0145196 1.62349
210 25 0.043346 1.62094
210 30 0.0656739 1.61748
210 35 0.0811722 1.61371
210 40 0.0893024 1.60983
210 45 0.0943538 1.60579
210 50 0.0973245 1.60158
210 55 0.0990528 1.59717
210 60 0.10105 1.5925
210 65 0.10222 1.58758
210 70 0.104128 1.58235
210 75 0.105413 1.57684
210 80 0.107537 1.57098
210 85 0.109144 1.56479
210 90 0.111574 1.55821
210 95 2.75686 -6.6468e-15
210 100 2.75686 -6.6468e-15
210 105 2.75686 -6.6468e-15
210 110 2.75686 -6.6468e-15
210 115 2.75686 -6.6468e-15
210 120 2.75686 -6.6468e-15
210 125 2.75686 -6.6468e-15
210 130 2.75686 -6.6468e-15
210 135 2.75686 -6.6468e-15
210 140 2.75686 -6.6468e-15
210 145 2.75686 -6.6468e-15
210 150 2.75686 -6.6468e-15
210 155 2.75686 -6.6468e-15
210 160 2.75686 -6.6468e-15
210 165 2.75686 -6.6468e-15
210 170 0.109968 -1.56221
210 175 0.10829 -1.56854
210 180 0.106109 -1.57454
210 185 0.104767 -1.58018
210 190 0.102831 -1.58553
210 195 0.101671 -1.59056
210 200 0.0997351 -1.59533
210 205 0.0982102 -1.59984
210 210 0.0955742 -1.60413
210 215 0.0917561 -1.60823
210 220 0.0852153 -1.61216
210 225 0.0721299 -1.61601
210 230 0.0546655 -1.61959
210 235 0.0109483 -1.62273
210 240 -0.0550454 -1.62386
210 245 -0.114817 -1.61948
210 250 -0.115984 -1.60653
210 255 1.61545 -0.549341
215 5 0.0567333 1.57947
215 10 -0.0902805 1.61633
215 15 -0.0951581 1.6228
215 20 -0.0145196 1.62349
215 25 0.043346 1.62094
215 30 0.0656739 1.61748
215 35 0.0811722 1.61371
215 40 0.0893024 1.60983
215 45 0.0943538 1.60579
215 50 0.0973245 1.60158
215 55 0.0990528 1.59717
215 60 0.10105 1.5925
215 65 0.10222 1.58758
215 70 0.104128 1.58235
215 75 0.105413 1.57684
215 80 0.107537 1.57098
215 85 0.109144 1.56479
215 90 0.111574 1.55821
215 95 2.75686 -6.6468e-15
215 100 2.75686 -6.6468e-15
215 105 2.75686 -6.6468e-15
215 110 2.75686 -6.6468e-15
215 115 2.75686 -6.6468e-15
215 120 2.75686 -6.6468e-15
215 125 2.75686 -6.6468e-15
215 130 2.75686 -6.6468e-15
215 135 2.75686 -6.6468e-15
215 140 2.75686 -6.6468e-15
215 145 2.75686 -6.6468e-15
215 150 2.75686 -6.6468e-15
215 155 2.75686 -6.6468e-15
215 160 2.75686 -6.6468e-15
215 165 2.75686 -6.6468e-15
215 170 0.109968 -1.56221
215 175 0.10829 -1.56854
215 180 0.106109 -1.57454
215 185 0.104767 -1.58018
215 190 0.102831 -1.58553
215 195 0.101671 -1.59056
215 200 0.0997351 -1.59533
215 205 0.0982102 -1.59984
215 210 0.0955742 -1.60413
215 215 0.0917561 -1.60823
215 220 0.0852153 -1.61216
215 225 0.0721299 -1.61601
215 230 0.0546655 -1.61959
215 235 0.0109483 -1.62273
215 240 -0.0550454 -1.62386
215 245 -0.114817 -1.61948
215 250 -0.115984 -1.60653
215 255 1.61545 -0.549341
220 5 0.0567333 1.57947
220 10 -0.0902805 1.61633
220 15 -0.0951581 1.6228
220 20 -0.0145196 1.62349
220 25 0.043346 1.62094
220 30 0.0656739 1.61748
220 35 0.0811722 1.61371
220 40 0.0893024 1.60983
220 45 0.0943538 1.60579
220 50 0.0973245 1.60158
220 55 0.0990528 1.59717
220 60 0.10105 1.5925
220 65 0.10222 1.58758
220 70 0.104128 1.58235
220 75 0.105413 1.57684
220 80 0.107537 1.57098
220 85 0.109144 1.56479
220 90 0.111574 1.55821
220 95 2.75686 -6.6468e-15
220 100 2.75686 -6.6468e-15
220 105 2.75686 -6.6468e-15
220 110 2.75686 -6.6468e-15
220 115 2.75686 -6.6468e-15
220 120 2.75686 -6.6468e-15
220 125 2.75686 -6.6468e-15
220 130 2.75686 -6.6468e-15
220 135 2.75686 -6.6468e-15
220 140 2.75686 -6.6468e-15
220 145 2.75686 -6.6468e-15
220 150 2.75686 -6.6468e-15
220 155 2.75686 -6.6468e-15
220 160 2.75686 -6.6468e-15
220 165 2.75686 -6.6468e-15
220 170 0.109968 -1.56221
220 175 0.10829 -1.56854
220 180 0.106109 -1.57454
220 185 0.104767 -1.58018
220 190 0.102831 -1.58553
220 195 0.101671 -1.59056
220 200 0.0997351 -1.59533
220 205 0.0982102 -1.59984
220 210 0.0955742 -1.60413
220 215 0.0917561 -1.60823
220 220 0.0852153 -1.61216
220 225 0.0721299 -1.61601
220 230 0.0546655 -1.61959
220 235 0.0109483 -1.62273
220 240 -0.0550454 -1.62386
220 245 -0.114817 -1.61948
220 250 -0.115984 -1.60653
220 255 1.61545 -0.549341
225 5 0.0567333 1.57947
225 10 -0.0902805 1.61633
225 15 -0.0951581 1.6228
225 20 -0.0145196 1.62349
225 25 0.043346 1.62094
225 30 0.0656739 1.61748
225 35 0.0811722 1.61371
225 40 0.0893024 1.60983
225 45 0.0943538 1.60579
225 50 0.0973245 1.60158
225 55 0.0990528 1.59717
225 60 0.10105 1.5925
225 65 0.10222 1.58758
225 70 0.104128 1.58235
225 75 0.105413 1.57684
225 80 0.107537 1.57098
225 85 0.109144 1.56479
225 90 0.111574 1.55821
225 95 2.75686 -6.6468e-15
225 100 2.75686 -6.6468e-15
225 105 2.75686 -6.6468e-15
225 110 2.75686 -6.6468e-15
225 115 2.75686 -6.6468e-15
225 120 2.75686 -6.6468e-15
225 125 2.75686 -6.6468e-15
225 130 2.75686 -6.6468e-15
225 135 2.75686 -6.6468e-15
225 140 2.75686 -6.6468e-15
225 145 2.75686 -6.6468e-15
225 150 2.75686 -6.6468e-15
225 155 2.75686 -6.6468e-15
225 160 2.75686 -6.6468e-15
225 165 2.75686 -6.6468e-15
225 170 0.109968 -1.56221
225 175 0.10829 -1.56854
225 180 0.106109 -1.57454
225 185 0.104767 -1.58018
225 190 0.102831 -1.58553
225 195 0.101671 -1.59056
225 200 0.0997351 -1.59533
225 205 0.0982102 -1.59984
225 210 0.0955742 -1.60413
225 215 0.0917561 -1.60823
225 220 0.0852153 -1.61216
225 225 0.0721299 -1.61601
225 230 0.0546655 -1.61959
225 235 0.0109483 -1.62273
225 240 -0.0550454 -1.62386
225 245 -0.114817 -1.61948
225 250 -0.115984 -1.60653
225 255 1.61545 -0.549341
230 5 0.0567333 1.57947
230 10 -0.0902805 1.61633
230 15 -0.0951581 1.6228
230 20 -0.0145196 1.62349
230 25 0.043346 1.62094
230 30 0.0656739 1.61748
230 35 0.0811722 1.61371
230 40 0.0893024 1.60983
230 45 0.0943538 1.60579
230 50 0.0973245 1.60158
230 55 0.0990528 1.59717
230 60 0.10105 1.5925
230 65 0.10222 1.58758
230 70 0.104128 1.58235
230 75 0.105413 1.57684
230 80 0.107537 1.57098
230 85 0.109144 1.56479
230 90 0.111574 1.55821
230 95 2.75686 -6.6468e-15
230 100 2.75686 -6.6468e-15
230 105 2.75686 -6.6468e-15
230 110 2.75686 -6.6468e-15
230 115 2.75686 -6.6468e-15
230 120 2.75686 -6.6468e-15
230 125 2.75686 -6.6468e-15
230 130 2.75686 -6.6468e-15
230 135 2.75686 -6.6468e-15
230 140 2.75686 -6.6468e-15
230 145 2.75686 -6.6468e-15
230 150 2.75686 -6.6468e-15
230 155 2.75686 -6.6468e-15
230 160 2.75686 -6.6468e-15
230 165 2.75686 -6.6468e-15
230 170 0.109968 -1.56221
230 175 0.10829 -1.56854
230 180 0.106109 -1.57454
230 185 0.104767 -1.58018
230 190 0.102831 -1.58553
230 195 0.101671 -1.59056
230 200 0.0997351 -1.59533
230 205 0.0982102 -1.59984
230 210 0.0955742 -1.60413
230 215 0.0917561 -1.60823
230 220 0.0852153 -1.61216
230 225 0.0721299 -1.61601
230 230 0.0546655 -1.61959
230 235 0.0109483 -1.62273
230 240 -0.0550454 -1.62386
230 245 -0.114817 -1.61948
230 250 -0.115984 -1.60653
230 255 1.61545 -0.549341
235 5 0.0567333 1.57947
235 10 -0.0902805 1.61633
235 15 -0.0951581 1.6228
235 20 -0.0145196 1.62349
235 25 0.043346 1.62094
235 30 0.0656739 1.61748
235 35 0.0811722 1.61371
235 40 0.0893024 1.60983
235 45 0.0943538 1.60579
235 50 0.0973245 1.60158
235 55 0.0990528 1.59717
235 60 0.10105 1.5925
235 65 0.10222 1.58758
235 70 0.104128 1.58235
235 75 0.105413 1.57684
235 80 0.107537 1.57098
235 85 0.109144 1.56479
235 90 0.111574 1.55821
235 95 2.75686 -6.6468e-15
235 100 2.75686 -6.6468e-15
235 105 2.75686 -6.6468e-15
235 110 2.75686 -6.6468e-15
235 115 2.75686 -6.6468e-15
235 120 2.75686 -6.6468e-15
235 125 2.75686 -6.6468e-15
235 130 2.75686 -6.6468e-15
235 135 2.75686 -6.6468e-15
235 140 2.75686 -6.6468e-15
235 145 2.75686 -6.6468e-15
235 150 2.75686 -6.6468e-15
235 155 2.75686 -6.6468e-15
235 160 2.75686 -6.6468e-15
235 165 2.75686 -6.6468e-15
235 170 0.109968 -1.56221
235 175 0.10829 -1.56854
235 180 0.106109 -1.57454
235 185 0.104767 -1.58018
235 190 0.102831 -1.58553
235 195 0.101671 -1.59056
235 200 0.0997351 -1.59533
235 205 0.0982102 -1.59984
235 210 0.0955742 -1.60413
235 215 0.0917561 -1.60823
235 220 0.0852153 -1.61216
235 225 0.0721299 -1.61601
235 230 0.0546655 -1.61959
235 235 0.0109483 -1.62273
235 240 -0.0550454 -1.62386
235 245 -0.114817 -1.61948
235 250 -0.115984 -1.60653
235 255 1.61545 -0.549341
240 5 0.0567333 1.57947
240 10 -0.0902805 1.61633
240 15 -0.0951581 1.6228
240 20 -0.0145196 1.62349
240 25 0.043346 1.62094
240 30 0.0656739 1.61748
240 35 0.0811722 1.61371
240 40 0.0893024 1.60983
240 45 0.0943538 1.60579
240 50 0.0973245 1.60158
240 55 0.0990528 1.59717
240 60 0.10105 1.5925
240 65 0.10222 1.58758
240 70 0.104128 1.58235
240 75 0.105413 1.57684
240 80 0.107537 1.57098
240 85 0.109144 1.56479
240 90 0.111574 1.55821
240 95 2.75686 -6.6468e-15
240 100 2.75686 -6.6468e-15
240 105 2.75686 -6.6468e-15
240 110 2.75686 -6.6468e-15
240 115 2.75686 -6.6468e-15
240 120 2.75686 -6.6468e-15
240 125 2.75686 -6.6468e-15
240 130 2.75686 -6.6468e-15
240 135 2.75686 -6.6468e-15
240 140 2.75686 -6.6468e-15
240 145 2.75686 -6.6468e-15
240 150 2.75686 -6.6468e-15
240 155 2.75686 -6.6468e-15
240 160 2.75686 -6.6468e-15
240 165 2.75686 -6.6468e-15
240 170 0.109968 -1.56221
240 175 0.10829 -1.56854
240 180 0.106109 -1.57454
240 185 0.104767 -1.58018
240 190 0.102831 -1.58553
240 195 0.101671 -1.59056
240 200 0.0997351 -1.59533
240 205 0.0982102 -1.59984
240 210 0.0955742 -1.60413
240 215 0.0917561 -1.60823
240 220 0.0852153 -1.61216
240 225 0.0721299 -1.61601
240 230 0.0546655 -1.61959
240 235 0.0109483 -1.62273
240 240 -0.0550454 -1.62386
240 245 -0.114817 -1.61948
240 250 -0.115984 -1.60653
240 255 1.61545 -0.549341
245 5 0.0567333 1.57947
245 10 -0.0902805 1.61633
245 15 -0.0951581 1.6228
245 20 -0.0145196 1.62349
245 25 0.043346 1.62094
245 30 0.0656739 1.61748
245 35 0.0811722 1.61371
245 40 0.0893024 1.60983
245 45 0.0943538 1.60579
245 50 0.0973245 1.60158
245 55 0.0990528 1.59717
245 60 0.10105 1.5925
245 65 0.10222 1.58758
245 70 0.104128 1.58235
245 75 0.105413 1.57684
245 80 0.107537 1.57098
245 85 0.109144 1.56479
245 90 0.111574 1.55821
245 95 2.75686 -6.6468e-15
245 100 2.75686 -6.6468e-15
245 105 2.75686 -6.6468e-15
245 110 2.75686 -6.6468e-15
245 115 2.75686 -6.6468e-15
245 120 2.75686 -6.6468e-15
245 125 2.75686 -6.6468e-15
245 130 2.75686 -6.6468e-15
245 135 2.75686 -6.6468e-15
245 140 2.75686 -6.6468e-15
245 145 2.75686 -6.6468e-15
245 150 2.75686 -6.6468e-15
245 155 2.75686 -6.6468e-15
245 160 2.75686 -6.6468e-15
245 165 2.75686 -6.6468e-15
245 170 0.109968 -1.56221
245 175 0.10829 -1.56854
245 180 0.106109 -1.57454
245 185 0.104767 -1.58018
245 190 0.102831 -1.58553
245 195 0.101671 -1.59056
245 200 0.0997351 -1.59533
245 205 0.0982102 -1.59984
245 210 0.0955742 -1.60413
245 215 0.0917561 -1.60823
245 220 0.0852153 -1.61216
245 225 0.0721299 -1.61601
245 230 0.0546655 -1.61959
245 235 0.0109483 -1.62273
245 240 -0.0550454 -1.62386
245 245 -0.114817 -1.61948
245 250 -0.115984 -1.60653
245 255 1.61545 -0.549341
250 5 0.0567333 1.57947
250 10 -0.0902805 1.61633
250 15 -0.0951581 1.6228
250 20 -0.0145196 1.62349
250 25 0.043346 1.62094
250 30 0.0656739 1.61748
250 35 0.0811722 1.61371
250 40 0.0893024 1.60983
250 45 0.0943538 1.60579
250 50 0.0973245 1.60158
250 55 0.0990528 1.59717
250 60 0.10105 1.5925
250 65 0.10222 1.58758
250 70 0.104128 1.58235
250 75 0.105413 1.57684
250 80 0.107537 1.57098
250 85 0.109144 1.56479
250 90 0.111574 1.55821
250 95 2.75686 -6.6468e-15
250 100 2.75686 -6.6468e-15
250 105 2.75686 -6.6468e-15
250 110 2.75686 -6.6468e-15
250 115 2.75686 -6.6468e-15
250 120 2.75686 -6.6468e-15
250 125 2.75686 -6.6468e-15
250 130 2.75686 -6.6468e-15
250 135 2.75686 -6.6468e-15
250 140 2.75686 -6.6468e-15
250 145 2.75686 -6.6468e-15
250 150 2.75686 -6.6468e-15
250 155 2.75686 -6.6468e-15
250 160 2.75686 -6.6468e-15
250 165 2.75686 -6.6468e-15
250 170 0.109968 -1.56221
250 175 0.10829 -1.56854
250 180 0.106109 -1.57454
250 185 0.104767 -1.58018
250 190 0.102831 -1.58553
250 195 0.101671 -1.59056
250 200 0.0997351 -1.59533
250 205 0.0982102 -1.59984
250 210 0.0955742 -1.60413
250 215 0.0917561 -1.60823
250 220 0.0852153 -1.61216
250 225 0.0721299 -1.61601
250 230 0.0546655 -1.61959
250 235 0.0109483 -1.62273
250 240 -0.0550454 -1.62386
250 245 -0.114817 -1.61948
250 250 -0.115984 -1.60653
250 255 1.61545 -0.549341
255 5 0.0567333 1.57947
255 10 -0.0902805 1.61633
255 15 -0.0951581 1.6228
255 20 -0.0145196 1.62349
255 25 0.043346 1.62094
255 30 0.0656739 1.61748
255 35 0.0811722 1.61371
255 40 0.0893024 1.60983
255 45 0.0943538 1.60579
255 50 0.0973245 1.60158
255 55 0.0990528 1.59717
255 60 0.10105 1.5925
255 65 0.10222 1.58758
255 70 0.104128 1.58235
255 75 0.105413 1.57684
255 80 0.107537 1.57098
255 85 0.109144 1.56479
255 90 0.111574 1.55821
255 95 2.75686 -6.6468e-15
255 100 2.75686 -6.6468e-15
255 105 2.75686 -6.6468e-15
255 110 2.75686 -6.6468e-15
255 115 2.75686 -6.6468e-15
255 120 2.75686 -6.6468e-15
255 125 2.75686 -6.6468e-15
255 130 2.75686 -6.6468e-15
255 135 2.75686 -6.6468e-15
255 140 2.75686 -6.6468e-15
255 145 2.75686 -6.6468e-15
255 150 2.75686 -6.6468e-15
255 155 2.75686 -6.6468e-15
255 160 2.75686 -6.6468e-15
255 165 2.75686 -6.6468e-15
255 170 0.109968 -1.56221
255 175 0.10829 -1.56854
255 180 0.106109 -1.57454
255 185 0.104767 -1.58018
255 190 0.102831 -1.58553
255 195 0.101671 -1.59056
255 200 0.0997351 -1.59533
255 205 0.0982102 -1.59984
255 210 0.0955742 -1.60413
255 215 0.0917561 -1.60823
255 220 0.0852153 -1.61216
255 225 0.0721299 -1.61601
255 230 0.0546655 -1.61959
255 235 0.0109483 -1.62273
255 240 -0.0550454 -1.62386
255 245 -0.114817 -1.61948
255 250 -0.115984 -1.60653
255 255 1.61545 -0.549341
