5 5 0.661318 1.27368
5 10 0.340633 1.36417
5 15 0.107892 1.38324
5 20 0.0907008 1.37962
5 25 0.082997 1.37539
5 30 0.0862814 1.37118
5 35 0.0896135 1.36677
5 40 0.0932322 1.36219
5 45 0.098532 1.35729
5 50 0.103273 1.35214
5 55 0.108874 1.34664
5 60 0.113868 1.34084
5 65 2.376 1.6617e-15
5 70 2.376 1.6617e-15
5 75 2.376 1.6617e-15
5 80 2.376 1.6617e-15
5 85 2.376 1.6617e-15
5 90 2.376 1.6617e-15
5 95 2.376 1.6617e-15
5 100 2.376 1.6617e-15
5 105 2.376 1.6617e-15
5 110 2.376 1.6617e-15
5 115 2.376 1.6617e-15
5 120 2.376 1.6617e-15
5 125 2.376 1.6617e-15
5 130 2.376 1.6617e-15
5 135 2.376 1.6617e-15
5 140 2.376 1.6617e-15
5 145 2.376 1.6617e-15
5 150 2.376 1.6617e-15
5 155 2.376 1.6617e-15
5 160 2.376 1.6617e-15
5 165 2.376 1.6617e-15
5 170 2.376 1.6617e-15
5 175 2.376 1.6617e-15
5 180 2.376 1.6617e-15
5 185 2.376 1.6617e-15
5 190 2.376 1.6617e-15
5 195 2.376 1.6617e-15
5 200 0.110889 -1.34436
5 205 0.105396 -1.34998
5 210 0.10058 -1.35526
5 215 0.0950751 -1.36027
5 220 0.0911511 -1.36496
5 225 0.0873675 -1.36944
5 230 0.0843285 -1.3737
5 235 0.0859022 -1.37798
5 240 0.0906523 -1.38201
5 245 0.234313 -1.3771
5 250 0.428919 -1.34653
5 255 1.50521 -0.48776
10 5 0.661318 1.27368
10 10 0.340633 1.36417
10 15 0.107892 1.38324
10 20 0.0907008 1.37962
10 25 0.082997 1.37539
10 30 0.0862814 1.37118
10 35 0.0896135 1.36677
10 40 0.0932322 1.36219
10 45 0.098532 1.35729
10 50 0.103273 1.35214
10 55 0.108874 1.34664
10 60 0.113868 1.34084
10 65 2.376 1.6617e-15
10 70 2.376 1.6617e-15
10 75 2.376 1.6617e-15
10 80 2.376 1.6617e-15
10 85 2.376 1.6617e-15
10 90 2.376 1.6617e-15
10 95 2.376 1.6617e-15
10 100 2.376 1.6617e-15
10 105 2.376 1.6617e-15
10 110 2.376 1.6617e-15
10 115 2.376 1.6617e-15
10 120 2.376 1.6617e-15
10 125 2.376 1.6617e-15
10 130 2.376 1.6617e-15
10 135 2.376 1.6617e-15
10 140 2.376 1.6617e-15
10 145 2.376 1.6617e-15
10 150 2.376 1.6617e-15
10 155 2.376 1.6617e-15
10 160 2.376 1.6617e-15
10 165 2.376 1.6617e-15
10 170 2.376 1.6617e-15
10 175 2.376 1.6617e-15
10 180 2.376 1.6617e-15
10 185 2.376 1.6617e-15
10 190 2.376 1.6617e-15
10 195 2.376 1.6617e-15
10 200 0.110889 -1.34436
10 205 0.105396 -1.34998
10 210 0.10058 -1.35526
10 215 0.0950751 -1.36027
10 220 0.0911511 -1.36496
10 225 0.0873675 -1.36944
10 230 0.0843285 -1.3737
10 235 0.0859022 -1.37798
10 240 0.0906523 -1.38201
10 245 0.234313 -1.3771
10 250 0.428919 -1.34653
10 255 1.50521 -0.48776
15 5 0.661318 1.27368
15 10 0.340633 1.36417
15 15 0.107892 1.38324
15 20 0.0907008 1.37962
15 25 0.082997 1.37539
15 30 0.0862814 1.37118
15 35 0.0896135 1.36677
15 40 0.0932322 1.36219
15 45 0.098532 1.35729
15 50 0.103273 1.35214
15 55 0.108874 1.34664
15 60 0.113868 1.34084
15 65 2.376 1.6617e-15
15 70 2.376 1.6617e-15
15 75 2.376 1.6617e-15
15 80 2.376 1.6617e-15
15 85 2.376 1.6617e-15
15 90 2.376 1.6617e-15
15 95 2.376 1.6617e-15
15 100 2.376 1.6617e-15
15 105 2.376 1.6617e-15
15 110 2.376 1.6617e-15
15 115 2.376 1.6617e-15
15 120 2.376 1.6617e-15
15 125 2.376 1.6617e-15
15 130 2.376 1.6617e-15
15 135 2.376 1.6617e-15
15 140 2.376 1.6617e-15
15 145 2.376 1.6617e-15
15 150 2.376 1.6617e-15
15 155 2.376 1.6617e-15
15 160 2.376 1.6617e-15
15 165 2.376 1.6617e-15
15 170 2.376 1.6617e-15
15 175 2.376 1.6617e-15
15 180 2.376 1.6617e-15
15 185 2.376 1.6617e-15
15 190 2.376 1.6617e-15
15 195 2.376 1.6617e-15
15 200 0.110889 -1.34436
15 205 0.105396 -1.34998
15 210 0.10058 -1.35526
15 215 0.0950751 -1.36027
15 220 0.0911511 -1.36496
15 225 0.0873675 -1.36944
15 230 0.0843285 -1.3737
15 235 0.0859022 -1.37798
15 240 0.0906523 -1.38201
15 245 0.234313 -1.3771
15 250 0.428919 -1.34653
15 255 1.50521 -0.48776
20 5 0.661318 1.27368
20 10 0.340633 1.36417
20 15 0.107892 1.38324
20 20 0.0907008 1.37962
20 25 0.082997 1.37539
20 30 0.0862814 1.37118
20 35 0.0896135 1.36677
20 40 0.0932322 1.36219
20 45 0.098532 1.35729
20 50 0.103273 1.35214
20 55 0.108874 1.34664
20 60 0.113868 1.34084
20 65 2.376 1.6617e-15
20 70 2.376 1.6617e-15
20 75 2.376 1.6617e-15
20 80 2.376 1.6617e-15
20 85 2.376 1.6617e-15
20 90 2.376 1.6617e-15
20 95 2.376 1.6617e-15
20 100 2.376 1.6617e-15
20 105 2.376 1.6617e-15
20 110 2.376 1.6617e-15
20 115 2.376 1.6617e-15
20 120 2.376 1.6617e-15
20 125 2.376 1.6617e-15
20 130 2.376 1.6617e-15
20 135 2.376 1.6617e-15
20 140 2.376 1.6617e-15
20 145 2.376 1.6617e-15
20 150 2.376 1.6617e-15
20 155 2.376 1.6617e-15
20 160 2.376 1.6617e-15
20 165 2.376 1.6617e-15
20 170 2.376 1.6617e-15
20 175 2.376 1.6617e-15
20 180 2.376 1.6617e-15
20 185 2.376 1.6617e-15
20 190 2.376 1.6617e-15
20 195 2.376 1.6617e-15
20 200 0.110889 -1.34436
20 205 0.105396 -1.34998
20 210 0.10058 -1.35526
20 215 0.0950751 -1.36027
20 220 0.0911511 -1.36496
20 225 0.0873675 -1.36944
20 230 0.0843285 -1.3737
20 235 0.0859022 -1.37798
20 240 0.0906523 -1.38201
20 245 0.234313 -1.3771
20 250 0.428919 -1.34653
20 255 1.50521 -0.48776
25 5 0.661318 1.27368
25 10 0.340633 1.36417
25 15 0.107892 1.38324
25 20 0.0907008 1.37962
25 25 0.082997 1.37539
25 30 0.0862814 1.37118
25 35 0.0896135 1.36677
25 40 0.0932322 1.36219
25 45 0.098532 1.35729
25 50 0.103273 1.35214
25 55 0.108874 1.34664
25 60 0.113868 1.34084
25 65 2.376 1.6617e-15
25 70 2.376 1.6617e-15
25 75 2.376 1.6617e-15
25 80 2.376 1.6617e-15
25 85 2.376 1.6617e-15
25 90 2.376 1.6617e-15
25 95 2.376 1.6617e-15
25 100 2.376 1.6617e-15
25 105 2.376 1.6617e-15
25 110 2.376 1.6617e-15
25 115 2.376 1.6617e-15
25 120 2.376 1.6617e-15
25 125 2.376 1.6617e-15
25 130 2.376 1.6617e-15
25 135 2.376 1.6617e-15
25 140 2.376 1.6617e-15
25 145 2.376 1.6617e-15
25 150 2.376 1.6617e-15
25 155 2.376 1.6617e-15
25 160 2.376 1.6617e-15
25 165 2.376 1.6617e-15
25 170 2.376 1.6617e-15
25 175 2.376 1.6617e-15
25 180 2.376 1.6617e-15
25 185 2.376 1.6617e-15
25 190 2.376 1.6617e-15
25 195 2.376 1.6617e-15
25 200 0.110889 -1.34436
25 205 0.105396 -1.34998
25 210 0.10058 -1.35526
25 215 0.0950751 -1.36027
25 220 0.0911511 -1.36496
25 225 0.0873675 -1.36944
25 230 0.0843285 -1.3737
25 235 0.0859022 -1.37798
25 240 0.0906523 -1.38201
25 245 0.234313 -1.3771
25 250 0.428919 -1.34653
25 255 1.50521 -0.48776
30 5 0.661318 1.27368
30 10 0.340633 1.36417
30 15 0.107892 1.38324
30 20 0.0907008 1.37962
30 25 0.082997 1.37539
30 30 0.0862814 1.37118
30 35 0.0896135 1.36677
30 40 0.0932322 1.36219
30 45 0.098532 1.35729
30 50 0.103273 1.35214
30 55 0.108874 1.34664
30 60 0.113868 1.34084
30 65 2.376 1.6617e-15
30 70 2.376 1.6617e-15
30 75 2.376 1.6617e-15
30 80 2.376 1.6617e-15
30 85 2.376 1.6617e-15
30 90 2.376 1.6617e-15
30 95 2.376 1.6617e-15
30 100 2.376 1.6617e-15
30 105 2.376 1.6617e-15
30 110 2.376 1.6617e-15
30 115 2.376 1.6617e-15
30 120 2.376 1.6617e-15
30 125 2.376 1.6617e-15
30 130 2.376 1.6617e-15
30 135 2.376 1.6617e-15
30 140 2.376 1.6617e-15
30 145 2.376 1.6617e-15
30 150 2.376 1.6617e-15
30 155 2.376 1.6617e-15
30 160 2.376 1.6617e-15
30 165 2.376 1.6617e-15
30 170 2.376 1.6617e-15
30 175 2.376 1.6617e-15
30 180 2.376 1.6617e-15
30 185 2.376 1.6617e-15
30 190 2.376 1.6617e-15
30 195 2.376 1.6617e-15
30 200 0.110889 -1.34436
30 205 0.105396 -1.34998
30 210 0.10058 -1.35526
30 215 0.0950751 -1.36027
30 220 0.0911511 -1.36496
30 225 0.0873675 -1.36944
30 230 0.0843285 -1.3737
30 235 0.0859022 -1.37798
30 240 0.0906523 -1.38201
30 245 0.234313 -1.3771
30 250 0.428919 -1.34653
30 255 1.50521 -0.48776
35 5 0.661318 1.27368
35 10 0.340633 1.36417
35 15 0.107892 1.38324
35 20 0.0907008 1.37962
35 25 0.082997 1.37539
35 30 0.0862814 1.37118
35 35 0.0896135 1.36677
35 40 0.0932322 1.36219
35 45 0.098532 1.35729
35 50 0.103273 1.35214
35 55 0.108874 1.34664
35 60 0.113868 1.34084
35 65 2.376 1.6617e-15
35 70 2.376 1.6617e-15
35 75 2.376 1.6617e-15
35 80 2.376 1.6617e-15
35 85 2.376 1.6617e-15
35 90 2.376 1.6617e-15
35 95 2.376 1.6617e-15
35 100 2.376 1.6617e-15
35 105 2.376 1.6617e-15
35 110 2.376 1.6617e-15
35 115 2.376 1.6617e-15
35 120 2.376 1.6617e-15
35 125 2.376 1.6617e-15
35 130 2.376 1.6617e-15
35 135 2.376 1.6617e-15
35 140 2.376 1.6617e-15
35 145 2.376 1.6617e-15
35 150 2.376 1.6617e-15
35 155 2.376 1.6617e-15
35 160 2.376 1.6617e-15
35 165 2.376 1.6617e-15
35 170 2.376 1.6617e-15
35 175 2.376 1.6617e-15
35 180 2.376 1.6617e-15
35 185 2.376 1.6617e-15
35 190 2.376 1.6617e-15
35 195 2.376 1.6617e-15
35 200 0.110889 -1.34436
35 205 0.105396 -1.34998
35 210 0.10058 -1.35526
35 215 0.0950751 -1.36027
35 220 0.0911511 -1.36496
35 225 0.0873675 -1.36944
35 230 0.0843285 -1.3737
35 235 0.0859022 -1.37798
35 240 0.0906523 -1.38201
35 245 0.234313 -1.3771
35 250 0.428919 -1.34653
35 255 1.50521 -0.48776
40 5 0.661318 1.27368
40 10 0.340633 1.36417
40 15 0.107892 1.38324
40 20 0.0907008 1.37962
40 25 0.082997 1.37539
40 30 0.0862814 1.37118
40 35 0.0896135 1.36677
40 40 0.0932322 1.36219
40 45 0.098532 1.35729
40 50 0.103273 1.35214
40 55 0.108874 1.34664
40 60 0.113868 1.34084
40 65 2.376 1.6617e-15
40 70 2.376 1.6617e-15
40 75 2.376 1.6617e-15
40 80 2.376 1.6617e-15
40 85 2.376 1.6617e-15
40 90 2.376 1.6617e-15
40 95 2.376 1.6617e-15
40 100 2.376 1.6617e-15
40 105 2.376 1.6617e-15
40 110 2.376 1.6617e-15
40 115 2.376 1.6617e-15
40 120 2.376 1.6617e-15
40 125 2.376 1.6617e-15
40 130 2.376 1.6617e-15
40 135 2.376 1.6617e-15
40 140 2.376 1.6617e-15
40 145 2.376 1.6617e-15
40 150 2.376 1.6617e-15
40 155 2.376 1.6617e-15
40 160 2.376 1.6617e-15
40 165 2.376 1.6617e-15
40 170 2.376 1.6617e-15
40 175 2.376 1.6617e-15
40 180 2.376 1.6617e-15
40 185 2.376 1.6617e-15
40 190 2.376 1.6617e-15
40 195 2.376 1.6617e-15
40 200 0.110889 -1.34436
40 205 0.105396 -1.34998
40 210 0.10058 -1.35526
40 215 0.0950751 -1.36027
40 220 0.0911511 -1.36496
40 225 0.0873675 -1.36944
40 230 0.0843285 -1.3737
40 235 0.0859022 -1.37798
40 240 0.0906523 -1.38201
40 245 0.234313 -1.3771
40 250 0.428919 -1.34653
40 255 1.50521 -0.48776
45 5 0.661318 1.27368
45 10 0.340633 1.36417
45 15 0.107892 1.38324
45 20 0.0907008 1.37962
45 25 0.082997 1.37539
45 30 0.0862814 1.37118
45 35 0.0896135 1.36677
45 40 0.0932322 1.36219
45 45 0.098532 1.35729
45 50 0.103273 1.35214
45 55 0.108874 1.34664
45 60 0.113868 1.34084
45 65 2.376 1.6617e-15
45 70 2.376 1.6617e-15
45 75 2.376 1.6617e-15
45 80 2.376 1.6617e-15
45 85 2.376 1.6617e-15
45 90 2.376 1.6617e-15
45 95 2.376 1.6617e-15
45 100 2.376 1.6617e-15
45 105 2.376 1.6617e-15
45 110 2.376 1.6617e-15
45 115 2.376 1.6617e-15
45 120 2.376 1.6617e-15
45 125 2.376 1.6617e-15
45 130 2.376 1.6617e-15
45 135 2.376 1.6617e-15
45 140 2.376 1.6617e-15
45 145 2.376 1.6617e-15
45 150 2.376 1.6617e-15
45 155 2.376 1.6617e-15
45 160 2.376 1.6617e-15
45 165 2.376 1.6617e-15
45 170 2.376 1.6617e-15
45 175 2.376 1.6617e-15
45 180 2.376 1.6617e-15
45 185 2.376 1.6617e-15
45 190 2.376 1.6617e-15
45 195 2.376 1.6617e-15
45 200 0.110889 -1.34436
45 205 0.105396 -1.34998
45 210 0.10058 -1.35526
45 215 0.0950751 -1.36027
45 220 0.0911511 -1.36496
45 225 0.0873675 -1.36944
45 230 0.0843285 -1.3737
45 235 0.0859022 -1.37798
45 240 0.0906523 -1.38201
45 245 0.234313 -1.3771
45 250 0.428919 -1.34653
45 255 1.50521 -0.48776
50 5 0.661318 1.27368
50 10 0.340633 1.36417
50 15 0.107892 1.38324
50 20 0.0907008 1.37962
50 25 0.082997 1.37539
50 30 0.0862814 1.37118
50 35 0.0896135 1.36677
50 40 0.0932322 1.36219
50 45 0.098532 1.35729
50 50 0.103273 1.35214
50 55 0.108874 1.34664
50 60 0.113868 1.34084
50 65 2.376 1.6617e-15
50 70 2.376 1.6617e-15
50 75 2.376 1.6617e-15
50 80 2.376 1.6617e-15
50 85 2.376 1.6617e-15
50 90 2.376 1.6617e-15
50 95 2.376 1.6617e-15
50 100 2.376 1.6617e-15
50 105 2.376 1.6617e-15
50 110 2.376 1.6617e-15
50 115 2.376 1.6617e-15
50 120 2.376 1.6617e-15
50 125 2.376 1.6617e-15
50 130 2.376 1.6617e-15
50 135 2.376 1.6617e-15
50 140 2.376 1.6617e-15
50 145 2.376 1.6617e-15
50 150 2.376 1.6617e-15
50 155 2.376 1.6617e-15
50 160 2.376 1.6617e-15
50 165 2.376 1.6617e-15
50 170 2.376 1.6617e-15
50 175 2.376 1.6617e-15
50 180 2.376 1.6617e-15
50 185 2.376 1.6617e-15
50 190 2.376 1.6617e-15
50 195 2.376 1.6617e-15
50 200 0.110889 -1.34436
50 205 0.105396 -1.34998
50 210 0.10058 -1.35526
50 215 0.0950751 -1.36027
50 220 0.0911511 -1.36496
50 225 0.0873675 -1.36944
50 230 0.0843285 -1.3737
50 235 0.0859022 -1.37798
50 240 0.0906523 -1.38201
50 245 0.234313 -1.3771
50 250 0.428919 -1.34653
50 255 1.50521 -0.48776
55 5 0.661318 1.27368
55 10 0.340633 1.36417
55 15 0.107892 1.38324
55 20 0.0907008 1.37962
55 25 0.082997 1.37539
55 30 0.0862814 1.37118
55 35 0.0896135 1.36677
55 40 0.0932322 1.36219
55 45 0.098532 1.35729
55 50 0.103273 1.35214
55 55 0.108874 1.34664
55 60 0.113868 1.34084
55 65 2.376 1.6617e-15
55 70 2.376 1.6617e-15
55 75 2.376 1.6617e-15
55 80 2.376 1.6617e-15
55 85 2.376 1.6617e-15
55 90 2.376 1.6617e-15
55 95 2.376 1.6617e-15
55 100 2.376 1.6617e-15
55 105 2.376 1.6617e-15
55 110 2.376 1.6617e-15
55 115 2.376 1.6617e-15
55 120 2.376 1.6617e-15
55 125 2.376 1.6617e-15
55 130 2.376 1.6617e-15
55 135 2.376 1.6617e-15
55 140 2.376 1.6617e-15
55 145 2.376 1.6617e-15
55 150 2.376 1.6617e-15
55 155 2.376 1.6617e-15
55 160 2.376 1.6617e-15
55 165 2.376 1.6617e-15
55 170 2.376 1.6617e-15
55 175 2.376 1.6617e-15
55 180 2.376 1.6617e-15
55 185 2.376 1.6617e-15
55 190 2.376 1.6617e-15
55 195 2.376 1.6617e-15
55 200 0.110889 -1.34436
55 205 0.105396 -1.34998
55 210 0.10058 -1.35526
55 215 0.0950751 -1.36027
55 220 0.0911511 -1.36496
55 225 0.0873675 -1.36944
55 230 0.0843285 -1.3737
55 235 0.0859022 -1.37798
55 240 0.0906523 -1.38201
55 245 0.234313 -1.3771
55 250 0.428919 -1.34653
55 255 1.50521 -0.48776
60 5 0.661318 1.27368
60 10 0.340633 1.36417
60 15 0.107892 1.38324
60 20 0.0907008 1.37962
60 25 0.082997 1.37539
60 30 0.0862814 1.37118
60 35 0.0896135 1.36677
60 40 0.0932322 1.36219
60 45 0.098532 1.35729
60 50 0.103273 1.35214
60 55 0.108874 1.34664
60 60 0.113868 1.34084
60 65 2.376 1.6617e-15
60 70 2.376 1.6617e-15
60 75 2.376 1.6617e-15
60 80 2.376 1.6617e-15
60 85 2.376 1.6617e-15
60 90 2.376 1.6617e-15
60 95 2.376 1.6617e-15
60 100 2.376 1.6617e-15
60 105 2.376 1.6617e-15
60 110 2.376 1.6617e-15
60 115 2.376 1.6617e-15
60 120 2.376 1.6617e-15
60 125 2.376 1.6617e-15
60 130 2.376 1.6617e-15
60 135 2.376 1.6617e-15
60 140 2.376 1.6617e-15
60 145 2.376 1.6617e-15
60 150 2.376 1.6617e-15
60 155 2.376 1.6617e-15
60 160 2.376 1.6617e-15
60 165 2.376 1.6617e-15
60 170 2.376 1.6617e-15
60 175 2.376 1.6617e-15
60 180 2.376 1.6617e-15
60 185 2.376 1.6617e-15
60 190 2.376 1.6617e-15
60 195 2.376 1.6617e-15
60 200 0.110889 -1.34436
60 205 0.105396 -1.34998
60 210 0.10058 -1.35526
60 215 0.0950751 -1.36027
60 220 0.0911511 -1.36496
60 225 0.0873675 -1.36944
60 230 0.0843285 -1.3737
60 235 0.0859022 -1.37798
60 240 0.0906523 -1.38201
60 245 0.234313 -1.3771
60 250 0.428919 -1.34653
60 255 1.50521 -0.48776
65 5 0.661318 1.27368
65 10 0.340633 1.36417
65 15 0.107892 1.38324
65 20 0.0907008 1.37962
65 25 0.082997 1.37539
65 30 0.0862814 1.37118
65 35 0.0896135 1.36677
65 40 0.0932322 1.36219
65 45 0.098532 1.35729
65 50 0.103273 1.35214
65 55 0.108874 1.34664
65 60 0.113868 1.34084
65 65 2.376 1.6617e-15
65 70 2.376 1.6617e-15
65 75 2.376 1.6617e-15
65 80 2.376 1.6617e-15
65 85 2.376 1.6617e-15
65 90 2.376 1.6617e-15
65 95 2.376 1.6617e-15
65 100 2.376 1.6617e-15
65 105 2.376 1.6617e-15
65 110 2.376 1.6617e-15
65 115 2.376 1.6617e-15
65 120 2.376 1.6617e-15
65 125 2.376 1.6617e-15
65 130 2.376 1.6617e-15
65 135 2.376 1.6617e-15
65 140 2.376 1.6617e-15
65 145 2.376 1.6617e-15
65 150 2.376 1.6617e-15
65 155 2.376 1.6617e-15
65 160 2.376 1.6617e-15
65 165 2.376 1.6617e-15
65 170 2.376 1.6617e-15
65 175 2.376 1.6617e-15
65 180 2.376 1.6617e-15
65 185 2.376 1.6617e-15
65 190 2.376 1.6617e-15
65 195 2.376 1.6617e-15
65 200 0.110889 -1.34436
65 205 0.105396 -1.34998
65 210 0.10058 -1.35526
65 215 0.0950751 -1.36027
65 220 0.0911511 -1.36496
65 225 0.0873675 -1.36944
65 230 0.0843285 -1.3737
65 235 0.0859022 -1.37798
65 240 0.0906523 -1.38201
65 245 0.234313 -1.3771
65 250 0.428919 -1.34653
65 255 1.50521 -0.48776
70 5 0.661318 1.27368
70 10 0.340633 1.36417
70 15 0.107892 1.38324
70 20 0.0907008 1.37962
70 25 0.082997 1.37539
70 30 0.0862814 1.37118
70 35 0.0896135 1.36677
70 40 0.0932322 1.36219
70 45 0.098532 1.35729
70 50 0.103273 1.35214
70 55 0.108874 1.34664
70 60 0.113868 1.34084
70 65 2.376 1.6617e-15
70 70 2.376 1.6617e-15
70 75 2.376 1.6617e-15
70 80 2.376 1.6617e-15
70 85 2.376 1.6617e-15
70 90 2.376 1.6617e-15
70 95 2.376 1.6617e-15
70 100 2.376 1.6617e-15
70 105 2.376 1.6617e-15
70 110 2.376 1.6617e-15
70 115 2.376 1.6617e-15
70 120 2.376 1.6617e-15
70 125 2.376 1.6617e-15
70 130 2.376 1.6617e-15
70 135 2.376 1.6617e-15
70 140 2.376 1.6617e-15
70 145 2.376 1.6617e-15
70 150 2.376 1.6617e-15
70 155 2.376 1.6617e-15
70 160 2.376 1.6617e-15
70 165 2.376 1.6617e-15
70 170 2.376 1.6617e-15
70 175 2.376 1.6617e-15
70 180 2.376 1.6617e-15
70 185 2.376 1.6617e-15
70 190 2.376 1.6617e-15
70 195 2.376 1.6617e-15
70 200 0.110889 -1.34436
70 205 0.105396 -1.34998
70 210 0.10058 -1.35526
70 215 0.0950751 -1.36027
70 220 0.0911511 -1.36496
70 225 0.0873675 -1.36944
70 230 0.0843285 -1.3737
70 235 0.0859022 -1.37798
70 240 0.0906523 -1.38201
70 245 0.234313 -1.3771
70 250 0.428919 -1.34653
70 255 1.50521 -0.48776
75 5 0.661318 1.27368
75 10 0.340633 1.36417
75 15 0.107892 1.38324
75 20 0.0907008 1.37962
75 25 0.082997 1.37539
75 30 0.0862814 1.37118
75 35 0.0896135 1.36677
75 40 0.0932322 1.36219
75 45 0.098532 1.35729
75 50 0.103273 1.35214
75 55 0.108874 1.34664
75 60 0.113868 1.34084
75 65 2.376 1.6617e-15
75 70 2.376 1.6617e-15
75 75 2.376 1.6617e-15
75 80 2.376 1.6617e-15
75 85 2.376 1.6617e-15
75 90 2.376 1.6617e-15
75 95 2.376 1.6617e-15
75 100 2.376 1.6617e-15
75 105 2.376 1.6617e-15
75 110 2.376 1.6617e-15
75 115 2.376 1.6617e-15
75 120 2.376 1.6617e-15
75 125 2.376 1.6617e-15
75 130 2.376 1.6617e-15
75 135 2.376 1.6617e-15
75 140 2.376 1.6617e-15
75 145 2.376 1.6617e-15
75 150 2.376 1.6617e-15
75 155 2.376 1.6617e-15
75 160 2.376 1.6617e-15
75 165 2.376 1.6617e-15
75 170 2.376 1.6617e-15
75 175 2.376 1.6617e-15
75 180 2.376 1.6617e-15
75 185 2.376 1.6617e-15
75 190 2.376 1.6617e-15
75 195 2.376 1.6617e-15
75 200 0.110889 -1.34436
75 205 0.105396 -1.34998
75 210 0.10058 -1.35526
75 215 0.0950751 -1.36027
75 220 0.0911511 -1.36496
75 225 0.0873675 -1.36944
75 230 0.0843285 -1.3737
75 235 0.0859022 -1.37798
75 240 0.0906523 -1.38201
75 245 0.234313 -1.3771
75 250 0.428919 -1.34653
75 255 1.50521 -0.48776
80 5 0.661318 1.27368
80 10 0.340633 1.36417
80 15 0.107892 1.38324
80 20 0.0907008 1.37962
80 25 0.082997 1.37539
80 30 0.0862814 1.37118
80 35 0.0896135 1.36677
80 40 0.0932322 1.36219
80 45 0.098532 1.35729
80 50 0.103273 1.35214
80 55 0.108874 1.34664
80 60 0.113868 1.34084
80 65 2.376 1.6617e-15
80 70 2.376 1.6617e-15
80 75 2.376 1.6617e-15
80 80 2.376 1.6617e-15
80 85 2.376 1.6617e-15
80 90 2.376 1.6617e-15
80 95 2.376 1.6617e-15
80 100 2.376 1.6617e-15
80 105 2.376 1.6617e-15
80 110 2.376 1.6617e-15
80 115 2.376 1.6617e-15
80 120 2.376 1.6617e-15
80 125 2.376 1.6617e-15
80 130 2.376 1.6617e-15
80 135 2.376 1.6617e-15
80 140 2.376 1.6617e-15
80 145 2.376 1.6617e-15
80 150 2.376 1.6617e-15
80 155 2.376 1.6617e-15
80 160 2.376 1.6617e-15
80 165 2.376 1.6617e-15
80 170 2.376 1.6617e-15
80 175 2.376 1.6617e-15
80 180 2.376 1.6617e-15
80 185 2.376 1.6617e-15
80 190 2.376 1.6617e-15
80 195 2.376 1.6617e-15
80 200 0.110889 -1.34436
80 205 0.105396 -1.34998
80 210 0.10058 -1.35526
80 215 0.0950751 -1.36027
80 220 0.0911511 -1.36496
80 225 0.0873675 -1.36944
80 230 0.0843285 -1.3737
80 235 0.0859022 -1.37798
80 240 0.0906523 -1.38201
80 245 0.234313 -1.3771
80 250 0.428919 -1.34653
80 255 1.50521 -0.48776
85 5 0.661318 1.27368
85 10 0.340633 1.36417
85 15 0.107892 1.38324
85 20 0.0907008 1.37962
85 25 0.082997 1.37539
85 30 0.0862814 1.37118
85 35 0.0896135 1.36677
85 40 0.0932322 1.36219
85 45 0.098532 1.35729
85 50 0.103273 1.35214
85 55 0.108874 1.34664
85 60 0.113868 1.34084
85 65 2.376 1.6617e-15
85 70 2.376 1.6617e-15
85 75 2.376 1.6617e-15
85 80 2.376 1.6617e-15
85 85 2.376 1.6617e-15
85 90 2.376 1.6617e-15
85 95 2.376 1.6617e-15
85 100 2.376 1.6617e-15
85 105 2.376 1.6617e-15
85 110 2.376 1.6617e-15
85 115 2.376 1.6617e-15
85 120 2.376 1.6617e-15
85 125 2.376 1.6617e-15
85 130 2.376 1.6617e-15
85 135 2.376 1.6617e-15
85 140 2.376 1.6617e-15
85 145 2.376 1.6617e-15
85 150 2.376 1.6617e-15
85 155 2.376 1.6617e-15
85 160 2.376 1.6617e-15
85 165 2.376 1.6617e-15
85 170 2.376 1.6617e-15
85 175 2.376 1.6617e-15
85 180 2.376 1.6617e-15
85 185 2.376 1.6617e-15
85 190 2.376 1.6617e-15
85 195 2.376 1.6617e-15
85 200 0.110889 -1.34436
85 205 0.105396 -1.34998
85 210 0.10058 -1.35526
85 215 0.0950751 -1.36027
85 220 0.0911511 -1.36496
85 225 0.0873675 -1.36944
85 230 0.0843285 -1.3737
85 235 0.0859022 -1.37798
85 240 0.0906523 -1.38201
85 245 0.234313 -1.3771
85 250 0.428919 -1.34653
85 255 1.50521 -0.48776
90 5 0.661318 1.27368
90 10 0.340633 1.36417
90 15 0.107892 1.38324
90 20 0.0907008 1.37962
90 25 0.082997 1.37539
90 30 0.0862814 1.37118
90 35 0.0896135 1.36677
90 40 0.0932322 1.36219
90 45 0.098532 1.35729
90 50 0.103273 1.35214
90 55 0.108874 1.34664
90 60 0.113868 1.34084
90 65 2.376 1.6617e-15
90 70 2.376 1.6617e-15
90 75 2.376 1.6617e-15
90 80 2.376 1.6617e-15
90 85 2.376 1.6617e-15
90 90 2.376 1.6617e-15
90 95 2.376 1.6617e-15
90 100 2.376 1.6617e-15
90 105 2.376 1.6617e-15
90 110 2.376 1.6617e-15
90 115 2.376 1.6617e-15
90 120 2.376 1.6617e-15
90 125 2.376 1.6617e-15
90 130 2.376 1.6617e-15
90 135 2.376 1.6617e-15
90 140 2.376 1.6617e-15
90 145 2.376 1.6617e-15
90 150 2.376 1.6617e-15
90 155 2.376 1.6617e-15
90 160 2.376 1.6617e-15
90 165 2.376 1.6617e-15
90 170 2.376 1.6617e-15
90 175 2.376 1.6617e-15
90 180 2.376 1.6617e-15
90 185 2.376 1.6617e-15
90 190 2.376 1.6617e-15
90 195 2.376 1.6617e-15
90 200 0.110889 -1.34436
90 205 0.105396 -1.34998
90 210 0.10058 -1.35526
90 215 0.0950751 -1.36027
90 220 0.0911511 -1.36496
90 225 0.0873675 -1.36944
90 230 0.0843285 -1.3737
90 235 0.0859022 -1.37798
90 240 0.0906523 -1.38201
90 245 0.234313 -1.3771
90 250 0.428919 -1.34653
90 255 1.50521 -0.48776
95 5 0.661318 1.27368
95 10 0.340633 1.36417
95 15 0.107892 1.38324
95 20 0.0907008 1.37962
95 25 0.082997 1.37539
95 30 0.0862814 1.37118
95 35 0.0896135 1.36677
95 40 0.0932322 1.36219
95 45 0.098532 1.35729
95 50 0.103273 1.35214
95 55 0.108874 1.34664
95 60 0.113868 1.34084
95 65 2.376 1.6617e-15
95 70 2.376 1.6617e-15
95 75 2.376 1.6617e-15
95 80 2.376 1.6617e-15
95 85 2.376 1.6617e-15
95 90 2.376 1.6617e-15
95 95 2.376 1.6617e-15
95 100 2.376 1.6617e-15
95 105 2.376 1.6617e-15
95 110 2.376 1.6617e-15
95 115 2.376 1.6617e-15
95 120 2.376 1.6617e-15
95 125 2.376 1.6617e-15
95 130 2.376 1.6617e-15
95 135 2.376 1.6617e-15
95 140 2.376 1.6617e-15
95 145 2.376 1.6617e-15
95 150 2.376 1.6617e-15
95 155 2.376 1.6617e-15
95 160 2.376 1.6617e-15
95 165 2.376 1.6617e-15
95 170 2.376 1.6617e-15
95 175 2.376 1.6617e-15
95 180 2.376 1.6617e-15
95 185 2.376 1.6617e-15
95 190 2.376 1.6617e-15
95 195 2.376 1.6617e-15
95 200 0.110889 -1.34436
95 205 0.105396 -1.34998
95 210 0.10058 -1.35526
95 215 0.0950751 -1.36027
95 220 0.0911511 -1.36496
95 225 0.0873675 -1.36944
95 230 0.0843285 -1.3737
95 235 0.0859022 -1.37798
95 240 0.0906523 -1.38201
95 245 0.234313 -1.3771
95 250 0.428919 -1.34653
95 255 1.50521 -0.48776
100 5 0.661318 1.27368
100 10 0.340633 1.36417
100 15 0.107892 1.38324
100 20 0.0907008 1.37962
100 25 0.082997 1.37539
100 30 0.0862814 1.37118
100 35 0.0896135 1.36677
100 40 0.0932322 1.36219
100 45 0.098532 1.35729
100 50 0.103273 1.35214
100 55 0.108874 1.34664
100 60 0.113868 1.34084
100 65 2.376 1.6617e-15
100 70 2.376 1.6617e-15
100 75 2.376 1.6617e-15
100 80 2.376 1.6617e-15
100 85 2.376 1.6617e-15
100 90 2.376 1.6617e-15
100 95 2.376 1.6617e-15
100 100 2.376 1.6617e-15
100 105 2.376 1.6617e-15
100 110 2.376 1.6617e-15
100 115 2.376 1.6617e-15
100 120 2.376 1.6617e-15
100 125 2.376 1.6617e-15
100 130 2.376 1.6617e-15
100 135 2.376 1.6617e-15
100 140 2.376 1.6617e-15
100 145 2.376 1.6617e-15
100 150 2.376 1.6617e-15
100 155 2.376 1.6617e-15
100 160 2.376 1.6617e-15
100 165 2.376 1.6617e-15
100 170 2.376 1.6617e-15
100 175 2.376 1.6617e-15
100 180 2.376 1.6617e-15
100 185 2.376 1.6617e-15
100 190 2.376 1.6617e-15
100 195 2.376 1.6617e-15
100 200 0.110889 -1.34436
100 205 0.105396 -1.34998
100 210 0.10058 -1.35526
100 215 0.0950751 -1.36027
100 220 0.0911511 -1.36496
100 225 0.0873675 -1.36944
100 230 0.0843285 -1.3737
100 235 0.0859022 -1.37798
100 240 0.0906523 -1.38201
100 245 0.234313 -1.3771
100 250 0.428919 -1.34653
100 255 1.50521 -0.48776
105 5 0.661318 1.27368
105 10 0.340633 1.36417
105 15 0.107892 1.38324
105 20 0.0907008 1.37962
105 25 0.082997 1.37539
105 30 0.0862814 1.37118
105 35 0.0896135 1.36677
105 40 0.0932322 1.36219
105 45 0.098532 1.35729
105 50 0.103273 1.35214
105 55 0.108874 1.34664
105 60 0.113868 1.34084
105 65 2.376 1.6617e-15
105 70 2.376 1.6617e-15
105 75 2.376 1.6617e-15
105 80 2.376 1.6617e-15
105 85 2.376 1.6617e-15
105 90 2.376 1.6617e-15
105 95 2.376 1.6617e-15
105 100 2.376 1.6617e-15
105 105 2.376 1.6617e-15
105 110 2.376 1.6617e-15
105 115 2.376 1.6617e-15
105 120 2.376 1.6617e-15
105 125 2.376 1.6617e-15
105 130 2.376 1.6617e-15
105 135 2.376 1.6617e-15
105 140 2.376 1.6617e-15
105 145 2.376 1.6617e-15
105 150 2.376 1.6617e-15
105 155 2.376 1.6617e-15
105 160 2.376 1.6617e-15
105 165 2.376 1.6617e-15
105 170 2.376 1.6617e-15
105 175 2.376 1.6617e-15
105 180 2.376 1.6617e-15
105 185 2.376 1.6617e-15
105 190 2.376 1.6617e-15
105 195 2.376 1.6617e-15
105 200 0.110889 -1.34436
105 205 0.105396 -1.34998
105 210 0.10058 -1.35526
105 215 0.0950751 -1.36027
105 220 0.0911511 -1.36496
105 225 0.0873675 -1.36944
105 230 0.0843285 -1.3737
105 235 0.0859022 -1.37798
105 240 0.0906523 -1.38201
105 245 0.234313 -1.3771
105 250 0.428919 -1.34653
105 255 1.50521 -0.48776
110 5 0.661318 1.27368
110 10 0.340633 1.36417
110 15 0.107892 1.38324
110 20 0.0907008 1.37962
110 25 0.082997 1.37539
110 30 0.0862814 1.37118
110 35 0.0896135 1.36677
110 40 0.0932322 1.36219
110 45 0.098532 1.35729
110 50 0.103273 1.35214
110 55 0.108874 1.34664
110 60 0.113868 1.34084
110 65 2.376 1.6617e-15
110 70 2.376 1.6617e-15
110 75 2.376 1.6617e-15
110 80 2.376 1.6617e-15
110 85 2.376 1.6617e-15
110 90 2.376 1.6617e-15
110 95 2.376 1.6617e-15
110 100 2.376 1.6617e-15
110 105 2.376 1.6617e-15
110 110 2.376 1.6617e-15
110 115 2.376 1.6617e-15
110 120 2.376 1.6617e-15
110 125 2.376 1.6617e-15
110 130 2.376 1.6617e-15
110 135 2.376 1.6617e-15
110 140 2.376 1.6617e-15
110 145 2.376 1.6617e-15
110 150 2.376 1.6617e-15
110 155 2.376 1.6617e-15
110 160 2.376 1.6617e-15
110 165 2.376 1.6617e-15
110 170 2.376 1.6617e-15
110 175 2.376 1.6617e-15
110 180 2.376 1.6617e-15
110 185 2.376 1.6617e-15
110 190 2.376 1.6617e-15
110 195 2.376 1.6617e-15
110 200 0.110889 -1.34436
110 205 0.105396 -1.34998
110 210 0.10058 -1.35526
110 215 0.0950751 -1.36027
110 220 0.0911511 -1.36496
110 225 0.0873675 -1.36944
110 230 0.0843285 -1.3737
110 235 0.0859022 -1.37798
110 240 0.0906523 -1.38201
110 245 0.234313 -1.3771
110 250 0.428919 -1.34653
110 255 1.50521 -0.48776
115 5 0.661318 1.27368
115 10 0.340633 1.36417
115 15 0.107892 1.38324
115 20 0.0907008 1.37962
115 25 0.082997 1.37539
115 30 0.0862814 1.37118
115 35 0.0896135 1.36677
115 40 0.0932322 1.36219
115 45 0.098532 1.35729
115 50 0.103273 1.35214
115 55 0.108874 1.34664
115 60 0.113868 1.34084
115 65 2.376 1.6617e-15
115 70 2.376 1.6617e-15
115 75 2.376 1.6617e-15
115 80 2.376 1.6617e-15
115 85 2.376 1.6617e-15
115 90 2.376 1.6617e-15
115 95 2.376 1.6617e-15
115 100 2.376 1.6617e-15
115 105 2.376 1.6617e-15
115 110 2.376 1.6617e-15
115 115 2.376 1.6617e-15
115 120 2.376 1.6617e-15
115 125 2.376 1.6617e-15
115 130 2.376 1.6617e-15
115 135 2.376 1.6617e-15
115 140 2.376 1.6617e-15
115 145 2.376 1.6617e-15
115 150 2.376 1.6617e-15
115 155 2.376 1.6617e-15
115 160 2.376 1.6617e-15
115 165 2.376 1.6617e-15
115 170 2.376 1.6617e-15
115 175 2.376 1.6617e-15
115 180 2.376 1.6617e-15
115 185 2.376 1.6617e-15
115 190 2.376 1.6617e-15
115 195 2.376 1.6617e-15
115 200 0.110889 -1.34436
115 205 0.105396 -1.34998
115 210 0.10058 -1.35526
115 215 0.0950751 -1.36027
115 220 0.0911511 -1.36496
115 225 0.0873675 -1.36944
115 230 0.0843285 -1.3737
115 235 0.0859022 -1.37798
115 240 0.0906523 -1.38201
115 245 0.234313 -1.3771
115 250 0.428919 -1.34653
115 255 1.50521 -0.48776
120 5 0.661318 1.27368
120 10 0.340633 1.36417
120 15 0.107892 1.38324
120 20 0.0907008 1.37962
120 25 0.082997 1.37539
120 30 0.0862814 1.37118
120 35 0.0896135 1.36677
120 40 0.0932322 1.36219
120 45 0.098532 1.35729
120 50 0.103273 1.35214
120 55 0.108874 1.34664
120 60 0.113868 1.34084
120 65 2.376 1.6617e-15
120 70 2.376 1.6617e-15
120 75 2.376 1.6617e-15
120 80 2.376 1.6617e-15
120 85 2.376 1.6617e-15
120 90 2.376 1.6617e-15
120 95 2.376 1.6617e-15
120 100 2.376 1.6617e-15
120 105 2.376 1.6617e-15
120 110 2.376 1.6617e-15
120 115 2.376 1.6617e-15
120 120 2.376 1.6617e-15
120 125 2.376 1.6617e-15
120 130 2.376 1.6617e-15
120 135 2.376 1.6617e-15
120 140 2.376 1.6617e-15
120 145 2.376 1.6617e-15
120 150 2.376 1.6617e-15
120 155 2.376 1.6617e-15
120 160 2.376 1.6617e-15
120 165 2.376 1.6617e-15
120 170 2.376 1.6617e-15
120 175 2.376 1.6617e-15
120 180 2.376 1.6617e-15
120 185 2.376 1.6617e-15
120 190 2.376 1.6617e-15
120 195 2.376 1.6617e-15
120 200 0.110889 -1.34436
120 205 0.105396 -1.34998
120 210 0.10058 -1.35526
120 215 0.0950751 -1.36027
120 220 0.0911511 -1.36496
120 225 0.0873675 -1.36944
120 230 0.0843285 -1.3737
120 235 0.0859022 -1.37798
120 240 0.0906523 -1.38201
120 245 0.234313 -1.3771
120 250 0.428919 -1.34653
120 255 1.50521 -0.48776
125 5 0.661318 1.27368
125 10 0.340633 1.36417
125 15 0.107892 1.38324
125 20 0.0907008 1.37962
125 25 0.082997 1.37539
125 30 0.0862814 1.37118
125 35 0.0896135 1.36677
125 40 0.0932322 1.36219
125 45 0.098532 1.35729
125 50 0.103273 1.35214
125 55 0.108874 1.34664
125 60 0.113868 1.34084
125 65 2.376 1.6617e-15
125 70 2.376 1.6617e-15
125 75 2.376 1.6617e-15
125 80 2.376 1.6617e-15
125 85 2.376 1.6617e-15
125 90 2.376 1.6617e-15
125 95 2.376 1.6617e-15
125 100 2.376 1.6617e-15
125 105 2.376 1.6617e-15
125 110 2.376 1.6617e-15
125 115 2.376 1.6617e-15
125 120 2.376 1.6617e-15
125 125 2.376 1.6617e-15
125 130 2.376 1.6617e-15
125 135 2.376 1.6617e-15
125 140 2.376 1.6617e-15
125 145 2.376 1.6617e-15
125 150 2.376 1.6617e-15
125 155 2.376 1.6617e-15
125 160 2.376 1.6617e-15
125 165 2.376 1.6617e-15
125 170 2.376 1.6617e-15
125 175 2.376 1.6617e-15
125 180 2.376 1.6617e-15
125 185 2.376 1.6617e-15
125 190 2.376 1.6617e-15
125 195 2.376 1.6617e-15
125 200 0.110889 -1.34436
125 205 0.105396 -1.34998
125 210 0.10058 -1.35526
125 215 0.0950751 -1.36027
125 220 0.0911511 -1.36496
125 225 0.0873675 -1.36944
125 230 0.0843285 -1.3737
125 235 0.0859022 -1.37798
125 240 0.0906523 -1.38201
125 245 0.234313 -1.3771
125 250 0.428919 -1.34653
125 255 1.50521 -0.48776
130 5 0.661318 1.27368
130 10 0.340633 1.36417
130 15 0.107892 1.38324
130 20 0.0907008 1.37962
130 25 0.082997 1.37539
130 30 0.0862814 1.37118
130 35 0.0896135 1.36677
130 40 0.0932322 1.36219
130 45 0.098532 1.35729
130 50 0.103273 1.35214
130 55 0.108874 1.34664
130 60 0.113868 1.34084
130 65 2.376 1.6617e-15
130 70 2.376 1.6617e-15
130 75 2.376 1.6617e-15
130 80 2.376 1.6617e-15
130 85 2.376 1.6617e-15
130 90 2.376 1.6617e-15
130 95 2.376 1.6617e-15
130 100 2.376 1.6617e-15
130 105 2.376 1.6617e-15
130 110 2.376 1.6617e-15
130 115 2.376 1.6617e-15
130 120 2.376 1.6617e-15
130 125 2.376 1.6617e-15
130 130 2.376 1.6617e-15
130 135 2.376 1.6617e-15
130 140 2.376 1.6617e-15
130 145 2.376 1.6617e-15
130 150 2.376 1.6617e-15
130 155 2.376 1.6617e-15
130 160 2.376 1.6617e-15
130 165 2.376 1.6617e-15
130 170 2.376 1.6617e-15
130 175 2.376 1.6617e-15
130 180 2.376 1.6617e-15
130 185 2.376 1.6617e-15
130 190 2.376 1.6617e-15
130 195 2.376 1.6617e-15
130 200 0.110889 -1.34436
130 205 0.105396 -1.34998
130 210 0.10058 -1.35526
130 215 0.0950751 -1.36027
130 220 0.0911511 -1.36496
130 225 0.0873675 -1.36944
130 230 0.0843285 -1.3737
130 235 0.0859022 -1.37798
130 240 0.0906523 -1.38201
130 245 0.234313 -1.3771
130 250 0.428919 -1.34653
130 255 1.50521 -0.48776
135 5 0.661318 1.27368
135 10 0.340633 1.36417
135 15 0.107892 1.38324
135 20 0.0907008 1.37962
135 25 0.082997 1.37539
135 30 0.0862814 1.37118
135 35 0.0896135 1.36677
135 40 0.0932322 1.36219
135 45 0.098532 1.35729
135 50 0.103273 1.35214
135 55 0.108874 1.34664
135 60 0.113868 1.34084
135 65 2.376 1.6617e-15
135 70 2.376 1.6617e-15
135 75 2.376 1.6617e-15
135 80 2.376 1.6617e-15
135 85 2.376 1.6617e-15
135 90 2.376 1.6617e-15
135 95 2.376 1.6617e-15
135 100 2.376 1.6617e-15
135 105 2.376 1.6617e-15
135 110 2.376 1.6617e-15
135 115 2.376 1.6617e-15
135 120 2.376 1.6617e-15
135 125 2.376 1.6617e-15
135 130 2.376 1.6617e-15
135 135 2.376 1.6617e-15
135 140 2.376 1.6617e-15
135 145 2.376 1.6617e-15
135 150 2.376 1.6617e-15
135 155 2.376 1.6617e-15
135 160 2.376 1.6617e-15
135 165 2.376 1.6617e-15
135 170 2.376 1.6617e-15
135 175 2.376 1.6617e-15
135 180 2.376 1.6617e-15
135 185 2.376 1.6617e-15
135 190 2.376 1.6617e-15
135 195 2.376 1.6617e-15
135 200 0.110889 -1.34436
135 205 0.105396 -1.34998
135 210 0.10058 -1.35526
135 215 0.0950751 -1.36027
135 220 0.0911511 -1.36496
135 225 0.0873675 -1.36944
135 230 0.0843285 -1.3737
135 235 0.0859022 -1.37798
135 240 0.0906523 -1.38201
135 245 0.234313 -1.3771
135 250 0.428919 -1.34653
135 255 1.50521 -0.48776
140 5 0.661318 1.27368
140 10 0.340633 1.36417
140 15 0.107892 1.38324
140 20 0.0907008 1.37962
140 25 0.082997 1.37539
140 30 0.0862814 1.37118
140 35 0.0896135 1.36677
140 40 0.0932322 1.36219
140 45 0.098532 1.35729
140 50 0.103273 1.35214
140 55 0.108874 1.34664
140 60 0.113868 1.34084
140 65 2.376 1.6617e-15
140 70 2.376 1.6617e-15
140 75 2.376 1.6617e-15
140 80 2.376 1.6617e-15
140 85 2.376 1.6617e-15
140 90 2.376 1.6617e-15
140 95 2.376 1.6617e-15
140 100 2.376 1.6617e-15
140 105 2.376 1.6617e-15
140 110 2.376 1.6617e-15
140 115 2.376 1.6617e-15
140 120 2.376 1.6617e-15
140 125 2.376 1.6617e-15
140 130 2.376 1.6617e-15
140 135 2.376 1.6617e-15
140 140 2.376 1.6617e-15
140 145 2.376 1.6617e-15
140 150 2.376 1.6617e-15
140 155 2.376 1.6617e-15
140 160 2.376 1.6617e-15
140 165 2.376 1.6617e-15
140 170 2.376 1.6617e-15
140 175 2.376 1.6617e-15
140 180 2.376 1.6617e-15
140 185 2.376 1.6617e-15
140 190 2.376 1.6617e-15
140 195 2.376 1.6617e-15
140 200 0.110889 -1.34436
140 205 0.105396 -1.34998
140 210 0.10058 -1.35526
140 215 0.0950751 -1.36027
140 220 0.0911511 -1.36496
140 225 0.0873675 -1.36944
140 230 0.0843285 -1.3737
140 235 0.0859022 -1.37798
140 240 0.0906523 -1.38201
140 245 0.234313 -1.3771
140 250 0.428919 -1.34653
140 255 1.50521 -0.48776
145 5 0.661318 1.27368
145 10 0.340633 1.36417
145 15 0.107892 1.38324
145 20 0.0907008 1.37962
145 25 0.082997 1.37539
145 30 0.0862814 1.37118
145 35 0.0896135 1.36677
145 40 0.0932322 1.36219
145 45 0.098532 1.35729
145 50 0.103273 1.35214
145 55 0.108874 1.34664
145 60 0.113868 1.34084
145 65 2.376 1.6617e-15
145 70 2.376 1.6617e-15
145 75 2.376 1.6617e-15
145 80 2.376 1.6617e-15
145 85 2.376 1.6617e-15
145 90 2.376 1.6617e-15
145 95 2.376 1.6617e-15
145 100 2.376 1.6617e-15
145 105 2.376 1.6617e-15
145 110 2.376 1.6617e-15
145 115 2.376 1.6617e-15
145 120 2.376 1.6617e-15
145 125 2.376 1.6617e-15
145 130 2.376 1.6617e-15
145 135 2.376 1.6617e-15
145 140 2.376 1.6617e-15
145 145 2.376 1.6617e-15
145 150 2.376 1.6617e-15
145 155 2.376 1.6617e-15
145 160 2.376 1.6617e-15
145 165 2.376 1.6617e-15
145 170 2.376 1.6617e-15
145 175 2.376 1.6617e-15
145 180 2.376 1.6617e-15
145 185 2.376 1.6617e-15
145 190 2.376 1.6617e-15
145 195 2.376 1.6617e-15
145 200 0.110889 -1.34436
145 205 0.105396 -1.34998
145 210 0.10058 -1.35526
145 215 0.0950751 -1.36027
145 220 0.0911511 -1.36496
145 225 0.0873675 -1.36944
145 230 0.0843285 -1.3737
145 235 0.0859022 -1.37798
145 240 0.0906523 -1.38201
145 245 0.234313 -1.3771
145 250 0.428919 -1.34653
145 255 1.50521 -0.48776
150 5 0.661318 1.27368
150 10 0.340633 1.36417
150 15 0.107892 1.38324
150 20 0.0907008 1.37962
150 25 0.082997 1.37539
150 30 0.0862814 1.37118
150 35 0.0896135 1.36677
150 40 0.0932322 1.36219
150 45 0.098532 1.35729
150 50 0.103273 1.35214
150 55 0.108874 1.34664
150 60 0.113868 1.34084
150 65 2.376 1.6617e-15
150 70 2.376 1.6617e-15
150 75 2.376 1.6617e-15
150 80 2.376 1.6617e-15
150 85 2.376 1.6617e-15
150 90 2.376 1.6617e-15
150 95 2.376 1.6617e-15
150 100 2.376 1.6617e-15
150 105 2.376 1.6617e-15
150 110 2.376 1.6617e-15
150 115 2.376 1.6617e-15
150 120 2.376 1.6617e-15
150 125 2.376 1.6617e-15
150 130 2.376 1.6617e-15
150 135 2.376 1.6617e-15
150 140 2.376 1.6617e-15
150 145 2.376 1.6617e-15
150 150 2.376 1.6617e-15
150 155 2.376 1.6617e-15
150 160 2.376 1.6617e-15
150 165 2.376 1.6617e-15
150 170 2.376 1.6617e-15
150 175 2.376 1.6617e-15
150 180 2.376 1.6617e-15
150 185 2.376 1.6617e-15
150 190 2.376 1.6617e-15
150 195 2.376 1.6617e-15
150 200 0.110889 -1.34436
150 205 0.105396 -1.34998
150 210 0.10058 -1.35526
150 215 0.0950751 -1.36027
150 220 0.0911511 -1.36496
150 225 0.0873675 -1.36944
150 230 0.0843285 -1.3737
150 235 0.0859022 -1.37798
150 240 0.0906523 -1.38201
150 245 0.234313 -1.3771
150 250 0.428919 -1.34653
150 255 1.50521 -0.48776
155 5 0.661318 1.27368
155 10 0.340633 1.36417
155 15 0.107892 1.38324
155 20 0.0907008 1.37962
155 25 0.082997 1.37539
155 30 0.0862814 1.37118
155 35 0.0896135 1.36677
155 40 0.0932322 1.36219
155 45 0.098532 1.35729
155 50 0.103273 1.35214
155 55 0.108874 1.34664
155 60 0.113868 1.34084
155 65 2.376 1.6617e-15
155 70 2.376 1.6617e-15
155 75 2.376 1.6617e-15
155 80 2.376 1.6617e-15
155 85 2.376 1.6617e-15
155 90 2.376 1.6617e-15
155 95 2.376 1.6617e-15
155 100 2.376 1.6617e-15
155 105 2.376 1.6617e-15
155 110 2.376 1.6617e-15
155 115 2.376 1.6617e-15
155 120 2.376 1.6617e-15
155 125 2.376 1.6617e-15
155 130 2.376 1.6617e-15
155 135 2.376 1.6617e-15
155 140 2.376 1.6617e-15
155 145 2.376 1.6617e-15
155 150 2.376 1.6617e-15
155 155 2.376 1.6617e-15
155 160 2.376 1.6617e-15
155 165 2.376 1.6617e-15
155 170 2.376 1.6617e-15
155 175 2.376 1.6617e-15
155 180 2.376 1.6617e-15
155 185 2.376 1.6617e-15
155 190 2.376 1.6617e-15
155 195 2.376 1.6617e-15
155 200 0.110889 -1.34436
155 205 0.105396 -1.34998
155 210 0.10058 -1.35526
155 215 0.0950751 -1.36027
155 220 0.0911511 -1.36496
155 225 0.0873675 -1.36944
155 230 0.0843285 -1.3737
155 235 0.0859022 -1.37798
155 240 0.0906523 -1.38201
155 245 0.234313 -1.3771
155 250 0.428919 -1.34653
155 255 1.50521 -0.48776
160 5 0.661318 1.27368
160 10 0.340633 1.36417
160 15 0.107892 1.38324
160 20 0.0907008 1.37962
160 25 0.082997 1.37539
160 30 0.0862814 1.37118
160 35 0.0896135 1.36677
160 40 0.0932322 1.36219
160 45 0.098532 1.35729
160 50 0.103273 1.35214
160 55 0.108874 1.34664
160 60 0.113868 1.34084
160 65 2.376 1.6617e-15
160 70 2.376 1.6617e-15
160 75 2.376 1.6617e-15
160 80 2.376 1.6617e-15
160 85 2.376 1.6617e-15
160 90 2.376 1.6617e-15
160 95 2.376 1.6617e-15
160 100 2.376 1.6617e-15
160 105 2.376 1.6617e-15
160 110 2.376 1.6617e-15
160 115 2.376 1.6617e-15
160 120 2.376 1.6617e-15
160 125 2.376 1.6617e-15
160 130 2.376 1.6617e-15
160 135 2.376 1.6617e-15
160 140 2.376 1.6617e-15
160 145 2.376 1.6617e-15
160 150 2.376 1.6617e-15
160 155 2.376 1.6617e-15
160 160 2.376 1.6617e-15
160 165 2.376 1.6617e-15
160 170 2.376 1.6617e-15
160 175 2.376 1.6617e-15
160 180 2.376 1.6617e-15
160 185 2.376 1.6617e-15
160 190 2.376 1.6617e-15
160 195 2.376 1.6617e-15
160 200 0.110889 -1.34436
160 205 0.105396 -1.34998
160 210 0.10058 -1.35526
160 215 0.0950751 -1.36027
160 220 0.0911511 -1.36496
160 225 0.0873675 -1.36944
160 230 0.0843285 -1.3737
160 235 0.0859022 -1.37798
160 240 0.0906523 -1.38201
160 245 0.234313 -1.3771
160 250 0.428919 -1.34653
160 255 1.50521 -0.48776
165 5 0.661318 1.27368
165 10 0.340633 1.36417
165 15 0.107892 1.38324
165 20 0.0907008 1.37962
165 25 0.082997 1.37539
165 30 0.0862814 1.37118
165 35 0.0896135 1.36677
165 40 0.0932322 1.36219
165 45 0.098532 1.35729
165 50 0.103273 1.35214
165 55 0.108874 1.34664
165 60 0.113868 1.34084
165 65 2.376 1.6617e-15
165 70 2.376 1.6617e-15
165 75 2.376 1.6617e-15
165 80 2.376 1.6617e-15
165 85 2.376 1.6617e-15
165 90 2.376 1.6617e-15
165 95 2.376 1.6617e-15
165 100 2.376 1.6617e-15
165 105 2.376 1.6617e-15
165 110 2.376 1.6617e-15
165 115 2.376 1.6617e-15
165 120 2.376 1.6617e-15
165 125 2.376 1.6617e-15
165 130 2.376 1.6617e-15
165 135 2.376 1.6617e-15
165 140 2.376 1.6617e-15
165 145 2.376 1.6617e-15
165 150 2.376 1.6617e-15
165 155 2.376 1.6617e-15
165 160 2.376 1.6617e-15
165 165 2.376 1.6617e-15
165 170 2.376 1.6617e-15
165 175 2.376 1.6617e-15
165 180 2.376 1.6617e-15
165 185 2.376 1.6617e-15
165 190 2.376 1.6617e-15
165 195 2.376 1.6617e-15
165 200 0.110889 -1.34436
165 205 0.105396 -1.34998
165 210 0.10058 -1.35526
165 215 0.0950751 -1.36027
165 220 0.0911511 -1.36496
165 225 0.0873675 -1.36944
165 230 0.0843285 -1.3737
165 235 0.0859022 -1.37798
165 240 0.0906523 -1.38201
165 245 0.234313 -1.3771
165 250 0.428919 -1.34653
165 255 1.50521 -0.48776
170 5 0.661318 1.27368
170 10 0.340633 1.36417
170 15 0.107892 1.38324
170 20 0.0907008 1.37962
170 25 0.082997 1.37539
170 30 0.0862814 1.37118
170 35 0.0896135 1.36677
170 40 0.0932322 1.36219
170 45 0.098532 1.35729
170 50 0.103273 1.35214
170 55 0.108874 1.34664
170 60 0.113868 1.34084
170 65 2.376 1.6617e-15
170 70 2.376 1.6617e-15
170 75 2.376 1.6617e-15
170 80 2.376 1.6617e-15
170 85 2.376 1.6617e-15
170 90 2.376 1.6617e-15
170 95 2.376 1.6617e-15
170 100 2.376 1.6617e-15
170 105 2.376 1.6617e-15
170 110 2.376 1.6617e-15
170 115 2.376 1.6617e-15
170 120 2.376 1.6617e-15
170 125 2.376 1.6617e-15
170 130 2.376 1.6617e-15
170 135 2.376 1.6617e-15
170 140 2.376 1.6617e-15
170 145 2.376 1.6617e-15
170 150 2.376 1.6617e-15
170 155 2.376 1.6617e-15
170 160 2.376 1.6617e-15
170 165 2.376 1.6617e-15
170 170 2.376 1.6617e-15
170 175 2.376 1.6617e-15
170 180 2.376 1.6617e-15
170 185 2.376 1.6617e-15
170 190 2.376 1.6617e-15
170 195 2.376 1.6617e-15
170 200 0.110889 -1.34436
170 205 0.105396 -1.34998
170 210 0.10058 -1.35526
170 215 0.0950751 -1.36027
170 220 0.0911511 -1.36496
170 225 0.0873675 -1.36944
170 230 0.0843285 -1.3737
170 235 0.0859022 -1.37798
170 240 0.0906523 -1.38201
170 245 0.234313 -1.3771
170 250 0.428919 -1.34653
170 255 1.50521 -0.48776
175 5 0.661318 1.27368
175 10 0.340633 1.36417
175 15 0.107892 1.38324
175 20 0.0907008 1.37962
175 25 0.082997 1.37539
175 30 0.0862814 1.37118
175 35 0.0896135 1.36677
175 40 0.0932322 1.36219
175 45 0.098532 1.35729
175 50 0.103273 1.35214
175 55 0.108874 1.34664
175 60 0.113868 1.34084
175 65 2.376 1.6617e-15
175 70 2.376 1.6617e-15
175 75 2.376 1.6617e-15
175 80 2.376 1.6617e-15
175 85 2.376 1.6617e-15
175 90 2.376 1.6617e-15
175 95 2.376 1.6617e-15
175 100 2.376 1.6617e-15
175 105 2.376 1.6617e-15
175 110 2.376 1.6617e-15
175 115 2.376 1.6617e-15
175 120 2.376 1.6617e-15
175 125 2.376 1.6617e-15
175 130 2.376 1.6617e-15
175 135 2.376 1.6617e-15
175 140 2.376 1.6617e-15
175 145 2.376 1.6617e-15
175 150 2.376 1.6617e-15
175 155 2.376 1.6617e-15
175 160 2.376 1.6617e-15
175 165 2.376 1.6617e-15
175 170 2.376 1.6617e-15
175 175 2.376 1.6617e-15
175 180 2.376 1.6617e-15
175 185 2.376 1.6617e-15
175 190 2.376 1.6617e-15
175 195 2.376 1.6617e-15
175 200 0.110889 -1.34436
175 205 0.105396 -1.34998
175 210 0.10058 -1.35526
175 215 0.0950751 -1.36027
175 220 0.0911511 -1.36496
175 225 0.0873675 -1.36944
175 230 0.0843285 -1.3737
175 235 0.0859022 -1.37798
175 240 0.0906523 -1.38201
175 245 0.234313 -1.3771
175 250 0.428919 -1.34653
175 255 1.50521 -0.48776
180 5 0.661318 1.27368
180 10 0.340633 1.36417
180 15 0.107892 1.38324
180 20 0.0907008 1.37962
180 25 0.082997 1.37539
180 30 0.0862814 1.37118
180 35 0.0896135 1.36677
180 40 0.0932322 1.36219
180 45 0.098532 1.35729
180 50 0.103273 1.35214
180 55 0.108874 1.34664
180 60 0.113868 1.34084
180 65 2.376 1.6617e-15
180 70 2.376 1.6617e-15
180 75 2.376 1.6617e-15
180 80 2.376 1.6617e-15
180 85 2.376 1.6617e-15
180 90 2.376 1.6617e-15
180 95 2.376 1.6617e-15
180 100 2.376 1.6617e-15
180 105 2.376 1.6617e-15
180 110 2.376 1.6617e-15
180 115 2.376 1.6617e-15
180 120 2.376 1.6617e-15
180 125 2.376 1.6617e-15
180 130 2.376 1.6617e-15
180 135 2.376 1.6617e-15
180 140 2.376 1.6617e-15
180 145 2.376 1.6617e-15
180 150 2.376 1.6617e-15
180 155 2.376 1.6617e-15
180 160 2.376 1.6617e-15
180 165 2.376 1.6617e-15
180 170 2.376 1.6617e-15
180 175 2.376 1.6617e-15
180 180 2.376 1.6617e-15
180 185 2.376 1.6617e-15
180 190 2.376 1.6617e-15
180 195 2.376 1.6617e-15
180 200 0.110889 -1.34436
180 205 0.105396 -1.34998
180 210 0.10058 -1.35526
180 215 0.0950751 -1.36027
180 220 0.0911511 -1.36496
180 225 0.0873675 -1.36944
180 230 0.0843285 -1.3737
180 235 0.0859022 -1.37798
180 240 0.0906523 -1.38201
180 245 0.234313 -1.3771
180 250 0.428919 -1.34653
180 255 1.50521 -0.48776
185 5 0.661318 1.27368
185 10 0.340633 1.36417
185 15 0.107892 1.38324
185 20 0.0907008 1.37962
185 25 0.082997 1.37539
185 30 0.0862814 1.37118
185 35 0.0896135 1.36677
185 40 0.0932322 1.36219
185 45 0.098532 1.35729
185 50 0.103273 1.35214
185 55 0.108874 1.34664
185 60 0.113868 1.34084
185 65 2.376 1.6617e-15
185 70 2.376 1.6617e-15
185 75 2.376 1.6617e-15
185 80 2.376 1.6617e-15
185 85 2.376 1.6617e-15
185 90 2.376 1.6617e-15
185 95 2.376 1.6617e-15
185 100 2.376 1.6617e-15
185 105 2.376 1.6617e-15
185 110 2.376 1.6617e-15
185 115 2.376 1.6617e-15
185 120 2.376 1.6617e-15
185 125 2.376 1.6617e-15
185 130 2.376 1.6617e-15
185 135 2.376 1.6617e-15
185 140 2.376 1.6617e-15
185 145 2.376 1.6617e-15
185 150 2.376 1.6617e-15
185 155 2.376 1.6617e-15
185 160 2.376 1.6617e-15
185 165 2.376 1.6617e-15
185 170 2.376 1.6617e-15
185 175 2.376 1.6617e-15
185 180 2.376 1.6617e-15
185 185 2.376 1.6617e-15
185 190 2.376 1.6617e-15
185 195 2.376 1.6617e-15
185 200 0.110889 -1.34436
185 205 0.105396 -1.34998
185 210 0.10058 -1.35526
185 215 0.0950751 -1.36027
185 220 0.0911511 -1.36496
185 225 0.0873675 -1.36944
185 230 0.0843285 -1.3737
185 235 0.0859022 -1.37798
185 240 0.0906523 -1.38201
185 245 0.234313 -1.3771
185 250 0.428919 -1.34653
185 255 1.50521 -0.48776
190 5 0.661318 1.27368
190 10 0.340633 1.36417
190 15 0.107892 1.38324
190 20 0.0907008 1.37962
190 25 0.082997 1.37539
190 30 0.0862814 1.37118
190 35 0.0896135 1.36677
190 40 0.0932322 1.36219
190 45 0.098532 1.35729
190 50 0.103273 1.35214
190 55 0.108874 1.34664
190 60 0.113868 1.34084
190 65 2.376 1.6617e-15
190 70 2.376 1.6617e-15
190 75 2.376 1.6617e-15
190 80 2.376 1.6617e-15
190 85 2.376 1.6617e-15
190 90 2.376 1.6617e-15
190 95 2.376 1.6617e-15
190 100 2.376 1.6617e-15
190 105 2.376 1.6617e-15
190 110 2.376 1.6617e-15
190 115 2.376 1.6617e-15
190 120 2.376 1.6617e-15
190 125 2.376 1.6617e-15
190 130 2.376 1.6617e-15
190 135 2.376 1.6617e-15
190 140 2.376 1.6617e-15
190 145 2.376 1.6617e-15
190 150 2.376 1.6617e-15
190 155 2.376 1.6617e-15
190 160 2.376 1.6617e-15
190 165 2.376 1.6617e-15
190 170 2.376 1.6617e-15
190 175 2.376 1.6617e-15
190 180 2.376 1.6617e-15
190 185 2.376 1.6617e-15
190 190 2.376 1.6617e-15
190 195 2.376 1.6617e-15
190 200 0.110889 -1.34436
190 205 0.105396 -1.34998
190 210 0.10058 -1.35526
190 215 0.0950751 -1.36027
190 220 0.0911511 -1.36496
190 225 0.0873675 -1.36944
190 230 0.0843285 -1.3737
190 235 0.0859022 -1.37798
190 240 0.0906523 -1.38201
190 245 0.234313 -1.3771
190 250 0.428919 -1.34653
190 255 1.50521 -0.48776
195 5 0.661318 1.27368
195 10 0.340633 1.36417
195 15 0.107892 1.38324
195 20 0.0907008 1.37962
195 25 0.082997 1.37539
195 30 0.0862814 1.37118
195 35 0.0896135 1.36677
195 40 0.0932322 1.36219
195 45 0.098532 1.35729
195 50 0.103273 1.35214
195 55 0.108874 1.34664
195 60 0.113868 1.34084
195 65 2.376 1.6617e-15
195 70 2.376 1.6617e-15
195 75 2.376 1.6617e-15
195 80 2.376 1.6617e-15
195 85 2.376 1.6617e-15
195 90 2.376 1.6617e-15
195 95 2.376 1.6617e-15
195 100 2.376 1.6617e-15
195 105 2.376 1.6617e-15
195 110 2.376 1.6617e-15
195 115 2.376 1.6617e-15
195 120 2.376 1.6617e-15
195 125 2.376 1.6617e-15
195 130 2.376 1.6617e-15
195 135 2.376 1.6617e-15
195 140 2.376 1.6617e-15
195 145 2.376 1.6617e-15
195 150 2.376 1.6617e-15
195 155 2.376 1.6617e-15
195 160 2.376 1.6617e-15
195 165 2.376 1.6617e-15
195 170 2.376 1.6617e-15
195 175 2.376 1.6617e-15
195 180 2.376 1.6617e-15
195 185 2.376 1.6617e-15
195 190 2.376 1.6617e-15
195 195 2.376 1.6617e-15
195 200 0.110889 -1.34436
195 205 0.105396 -1.34998
195 210 0.10058 -1.35526
195 215 0.0950751 -1.36027
195 220 0.0911511 -1.36496
195 225 0.0873675 -1.36944
195 230 0.0843285 -1.3737
195 235 0.0859022 -1.37798
195 240 0.0906523 -1.38201
195 245 0.234313 -1.3771
195 250 0.428919 -1.34653
195 255 1.50521 -0.48776
200 5 0.661318 1.27368
200 10 0.340633 1.36417
200 15 0.107892 1.38324
200 20 0.0907008 1.37962
200 25 0.082997 1.37539
200 30 0.0862814 1.37118
200 35 0.0896135 1.36677
200 40 0.0932322 1.36219
200 45 0.098532 1.35729
200 50 0.103273 1.35214
200 55 0.108874 1.34664
200 60 0.113868 1.34084
200 65 2.376 1.6617e-15
200 70 2.376 1.6617e-15
200 75 2.376 1.6617e-15
200 80 2.376 1.6617e-15
200 85 2.376 1.6617e-15
200 90 2.376 1.6617e-15
200 95 2.376 1.6617e-15
200 100 2.376 1.6617e-15
200 105 2.376 1.6617e-15
200 110 2.376 1.6617e-15
200 115 2.376 1.6617e-15
200 120 2.376 1.6617e-15
200 125 2.376 1.6617e-15
200 130 2.376 1.6617e-15
200 135 2.376 1.6617e-15
200 140 2.376 1.6617e-15
200 145 2.376 1.6617e-15
200 150 2.376 1.6617e-15
200 155 2.376 1.6617e-15
200 160 2.376 1.6617e-15
200 165 2.376 1.6617e-15
200 170 2.376 1.6617e-15
200 175 2.376 1.6617e-15
200 180 2.376 1.6617e-15
200 185 2.376 1.6617e-15
200 190 2.376 1.6617e-15
200 195 2.376 1.6617e-15
200 200 0.110889 -1.34436
200 205 0.105396 -1.34998
200 210 0.10058 -1.35526
200 215 0.0950751 -1.36027
200 220 0.0911511 -1.36496
200 225 0.0873675 -1.36944
200 230 0.0843285 -1.3737
200 235 0.0859022 -1.37798
200 240 0.0906523 -1.38201
200 245 0.234313 -1.3771
200 250 0.428919 -1.34653
200 255 1.50521 -0.48776
205 5 0.661318 1.27368
205 10 0.340633 1.36417
205 15 0.107892 1.38324
205 20 0.0907008 1.37962
205 25 0.082997 1.37539
205 30 0.0862814 1.37118
205 35 0.0896135 1.36677
205 40 0.0932322 1.36219
205 45 0.098532 1.35729
205 50 0.103273 1.35214
205 55 0.108874 1.34664
205 60 0.113868 1.34084
205 65 2.376 1.6617e-15
205 70 2.376 1.6617e-15
205 75 2.376 1.6617e-15
205 80 2.376 1.6617e-15
205 85 2.376 1.6617e-15
205 90 2.376 1.6617e-15
205 95 2.376 1.6617e-15
205 100 2.376 1.6617e-15
205 105 2.376 1.6617e-15
205 110 2.376 1.6617e-15
205 115 2.376 1.6617e-15
205 120 2.376 1.6617e-15
205 125 2.376 1.6617e-15
205 130 2.376 1.6617e-15
205 135 2.376 1.6617e-15
205 140 2.376 1.6617e-15
205 145 2.376 1.6617e-15
205 150 2.376 1.6617e-15
205 155 2.376 1.6617e-15
205 160 2.376 1.6617e-15
205 165 2.376 1.6617e-15
205 170 2.376 1.6617e-15
205 175 2.376 1.6617e-15
205 180 2.376 1.6617e-15
205 185 2.376 1.6617e-15
205 190 2.376 1.6617e-15
205 195 2.376 1.6617e-15
205 200 0.110889 -1.34436
205 205 0.105396 -1.34998
205 210 0.10058 -1.35526
205 215 0.0950751 -1.36027
205 220 0.0911511 -1.36496
205 225 0.0873675 -1.36944
205 230 0.0843285 -1.3737
205 235 0.0859022 -1.37798
205 240 0.0906523 -1.38201
205 245 0.234313 -1.3771
205 250 0.428919 -1.34653
205 255 1.50521 -0.48776
210 5 0.661318 1.27368
210 10 0.340633 1.36417
210 15 0.107892 1.38324
210 20 0.0907008 1.37962
210 25 0.082997 1.37539
210 30 0.0862814 1.37118
210 35 0.0896135 1.36677
210 40 0.0932322 1.36219
210 45 0.098532 1.35729
210 50 0.103273 1.35214
210 55 0.108874 1.34664
210 60 0.113868 1.34084
210 65 2.376 1.6617e-15
210 70 2.376 1.6617e-15
210 75 2.376 1.6617e-15
210 80 2.376 1.6617e-15
210 85 2.376 1.6617e-15
210 90 2.376 1.6617e-15
210 95 2.376 1.6617e-15
210 100 2.376 1.6617e-15
210 105 2.376 1.6617e-15
210 110 2.376 1.6617e-15
210 115 2.376 1.6617e-15
210 120 2.376 1.6617e-15
210 125 2.376 1.6617e-15
210 130 2.376 1.6617e-15
210 135 2.376 1.6617e-15
210 140 2.376 1.6617e-15
210 145 2.376 1.6617e-15
210 150 2.376 1.6617e-15
210 155 2.376 1.6617e-15
210 160 2.376 1.6617e-15
210 165 2.376 1.6617e-15
210 170 2.376 1.6617e-15
210 175 2.376 1.6617e-15
210 180 2.376 1.6617e-15
210 185 2.376 1.6617e-15
210 190 2.376 1.6617e-15
210 195 2.376 1.6617e-15
210 200 0.110889 -1.34436
210 205 0.105396 -1.34998
210 210 0.10058 -1.35526
210 215 0.0950751 -1.36027
210 220 0.0911511 -1.36496
210 225 0.0873675 -1.36944
210 230 0.0843285 -1.3737
210 235 0.0859022 -1.37798
210 240 0.0906523 -1.38201
210 245 0.234313 -1.3771
210 250 0.428919 -1.34653
210 255 1.50521 -0.48776
215 5 0.661318 1.27368
215 10 0.340633 1.36417
215 15 0.107892 1.38324
215 20 0.0907008 1.37962
215 25 0.082997 1.37539
215 30 0.0862814 1.37118
215 35 0.0896135 1.36677
215 40 0.0932322 1.36219
215 45 0.098532 1.35729
215 50 0.103273 1.35214
215 55 0.108874 1.34664
215 60 0.113868 1.34084
215 65 2.376 1.6617e-15
215 70 2.376 1.6617e-15
215 75 2.376 1.6617e-15
215 80 2.376 1.6617e-15
215 85 2.376 1.6617e-15
215 90 2.376 1.6617e-15
215 95 2.376 1.6617e-15
215 100 2.376 1.6617e-15
215 105 2.376 1.6617e-15
215 110 2.376 1.6617e-15
215 115 2.376 1.6617e-15
215 120 2.376 1.6617e-15
215 125 2.376 1.6617e-15
215 130 2.376 1.6617e-15
215 135 2.376 1.6617e-15
215 140 2.376 1.6617e-15
215 145 2.376 1.6617e-15
215 150 2.376 1.6617e-15
215 155 2.376 1.6617e-15
215 160 2.376 1.6617e-15
215 165 2.376 1.6617e-15
215 170 2.376 1.6617e-15
215 175 2.376 1.6617e-15
215 180 2.376 1.6617e-15
215 185 2.376 1.6617e-15
215 190 2.376 1.6617e-15
215 195 2.376 1.6617e-15
215 200 0.110889 -1.34436
215 205 0.105396 -1.34998
215 210 0.10058 -1.35526
215 215 0.0950751 -1.36027
215 220 0.0911511 -1.36496
215 225 0.0873675 -1.36944
215 230 0.0843285 -1.3737
215 235 0.0859022 -1.37798
215 240 0.0906523 -1.38201
215 245 0.234313 -1.3771
215 250 0.428919 -1.34653
215 255 1.50521 -0.48776
220 5 0.661318 1.27368
220 10 0.340633 1.36417
220 15 0.107892 1.38324
220 20 0.0907008 1.37962
220 25 0.082997 1.37539
220 30 0.0862814 1.37118
220 35 0.0896135 1.36677
220 40 0.0932322 1.36219
220 45 0.098532 1.35729
220 50 0.103273 1.35214
220 55 0.108874 1.34664
220 60 0.113868 1.34084
220 65 2.376 1.6617e-15
220 70 2.376 1.6617e-15
220 75 2.376 1.6617e-15
220 80 2.376 1.6617e-15
220 85 2.376 1.6617e-15
220 90 2.376 1.6617e-15
220 95 2.376 1.6617e-15
220 100 2.376 1.6617e-15
220 105 2.376 1.6617e-15
220 110 2.376 1.6617e-15
220 115 2.376 1.6617e-15
220 120 2.376 1.6617e-15
220 125 2.376 1.6617e-15
220 130 2.376 1.6617e-15
220 135 2.376 1.6617e-15
220 140 2.376 1.6617e-15
220 145 2.376 1.6617e-15
220 150 2.376 1.6617e-15
220 155 2.376 1.6617e-15
220 160 2.376 1.6617e-15
220 165 2.376 1.6617e-15
220 170 2.376 1.6617e-15
220 175 2.376 1.6617e-15
220 180 2.376 1.6617e-15
220 185 2.376 1.6617e-15
220 190 2.376 1.6617e-15
220 195 2.376 1.6617e-15
220 200 0.110889 -1.34436
220 205 0.105396 -1.34998
220 210 0.10058 -1.35526
220 215 0.0950751 -1.36027
220 220 0.0911511 -1.36496
220 225 0.0873675 -1.36944
220 230 0.0843285 -1.3737
220 235 0.0859022 -1.37798
220 240 0.0906523 -1.38201
220 245 0.234313 -1.3771
220 250 0.428919 -1.34653
220 255 1.50521 -0.48776
225 5 0.661318 1.27368
225 10 0.340633 1.36417
225 15 0.107892 1.38324
225 20 0.0907008 1.37962
225 25 0.082997 1.37539
225 30 0.0862814 1.37118
225 35 0.0896135 1.36677
225 40 0.0932322 1.36219
225 45 0.098532 1.35729
225 50 0.103273 1.35214
225 55 0.108874 1.34664
225 60 0.113868 1.34084
225 65 2.376 1.6617e-15
225 70 2.376 1.6617e-15
225 75 2.376 1.6617e-15
225 80 2.376 1.6617e-15
225 85 2.376 1.6617e-15
225 90 2.376 1.6617e-15
225 95 2.376 1.6617e-15
225 100 2.376 1.6617e-15
225 105 2.376 1.6617e-15
225 110 2.376 1.6617e-15
225 115 2.376 1.6617e-15
225 120 2.376 1.6617e-15
225 125 2.376 1.6617e-15
225 130 2.376 1.6617e-15
225 135 2.376 1.6617e-15
225 140 2.376 1.6617e-15
225 145 2.376 1.6617e-15
225 150 2.376 1.6617e-15
225 155 2.376 1.6617e-15
225 160 2.376 1.6617e-15
225 165 2.376 1.6617e-15
225 170 2.376 1.6617e-15
225 175 2.376 1.6617e-15
225 180 2.376 1.6617e-15
225 185 2.376 1.6617e-15
225 190 2.376 1.6617e-15
225 195 2.376 1.6617e-15
225 200 0.110889 -1.34436
225 205 0.105396 -1.34998
225 210 0.10058 -1.35526
225 215 0.0950751 -1.36027
225 220 0.0911511 -1.36496
225 225 0.0873675 -1.36944
225 230 0.0843285 -1.3737
225 235 0.0859022 -1.37798
225 240 0.0906523 -1.38201
225 245 0.234313 -1.3771
225 250 0.428919 -1.34653
225 255 1.50521 -0.48776
230 5 0.661318 1.27368
230 10 0.340633 1.36417
230 15 0.107892 1.38324
230 20 0.0907008 1.37962
230 25 0.082997 1.37539
230 30 0.0862814 1.37118
230 35 0.0896135 1.36677
230 40 0.0932322 1.36219
230 45 0.098532 1.35729
230 50 0.103273 1.35214
230 55 0.108874 1.34664
230 60 0.113868 1.34084
230 65 2.376 1.6617e-15
230 70 2.376 1.6617e-15
230 75 2.376 1.6617e-15
230 80 2.376 1.6617e-15
230 85 2.376 1.6617e-15
230 90 2.376 1.6617e-15
230 95 2.376 1.6617e-15
230 100 2.376 1.6617e-15
230 105 2.376 1.6617e-15
230 110 2.376 1.6617e-15
230 115 2.376 1.6617e-15
230 120 2.376 1.6617e-15
230 125 2.376 1.6617e-15
230 130 2.376 1.6617e-15
230 135 2.376 1.6617e-15
230 140 2.376 1.6617e-15
230 145 2.376 1.6617e-15
230 150 2.376 1.6617e-15
230 155 2.376 1.6617e-15
230 160 2.376 1.6617e-15
230 165 2.376 1.6617e-15
230 170 2.376 1.6617e-15
230 175 2.376 1.6617e-15
230 180 2.376 1.6617e-15
230 185 2.376 1.6617e-15
230 190 2.376 1.6617e-15
230 195 2.376 1.6617e-15
230 200 0.110889 -1.34436
230 205 0.105396 -1.34998
230 210 0.10058 -1.35526
230 215 0.0950751 -1.36027
230 220 0.0911511 -1.36496
230 225 0.0873675 -1.36944
230 230 0.0843285 -1.3737
230 235 0.0859022 -1.37798
230 240 0.0906523 -1.38201
230 245 0.234313 -1.3771
230 250 0.428919 -1.34653
230 255 1.50521 -0.48776
235 5 0.661318 1.27368
235 10 0.340633 1.36417
235 15 0.107892 1.38324
235 20 0.0907008 1.37962
235 25 0.082997 1.37539
235 30 0.0862814 1.37118
235 35 0.0896135 1.36677
235 40 0.0932322 1.36219
235 45 0.098532 1.35729
235 50 0.103273 1.35214
235 55 0.108874 1.34664
235 60 0.113868 1.34084
235 65 2.376 1.6617e-15
235 70 2.376 1.6617e-15
235 75 2.376 1.6617e-15
235 80 2.376 1.6617e-15
235 85 2.376 1.6617e-15
235 90 2.376 1.6617e-15
235 95 2.376 1.6617e-15
235 100 2.376 1.6617e-15
235 105 2.376 1.6617e-15
235 110 2.376 1.6617e-15
235 115 2.376 1.6617e-15
235 120 2.376 1.6617e-15
235 125 2.376 1.6617e-15
235 130 2.376 1.6617e-15
235 135 2.376 1.6617e-15
235 140 2.376 1.6617e-15
235 145 2.376 1.6617e-15
235 150 2.376 1.6617e-15
235 155 2.376 1.6617e-15
235 160 2.376 1.6617e-15
235 165 2.376 1.6617e-15
235 170 2.376 1.6617e-15
235 175 2.376 1.6617e-15
235 180 2.376 1.6617e-15
235 185 2.376 1.6617e-15
235 190 2.376 1.6617e-15
235 195 2.376 1.6617e-15
235 200 0.110889 -1.34436
235 205 0.105396 -1.34998
235 210 0.10058 -1.35526
235 215 0.0950751 -1.36027
235 220 0.0911511 -1.36496
235 225 0.0873675 -1.36944
235 230 0.0843285 -1.3737
235 235 0.0859022 -1.37798
235 240 0.0906523 -1.38201
235 245 0.234313 -1.3771
235 250 0.428919 -1.34653
235 255 1.50521 -0.48776
240 5 0.661318 1.27368
240 10 0.340633 1.36417
240 15 0.107892 1.38324
240 20 0.0907008 1.37962
240 25 0.082997 1.37539
240 30 0.0862814 1.37118
240 35 0.0896135 1.36677
240 40 0.0932322 1.36219
240 45 0.098532 1.35729
240 50 0.103273 1.35214
240 55 0.108874 1.34664
240 60 0.113868 1.34084
240 65 2.376 1.6617e-15
240 70 2.376 1.6617e-15
240 75 2.376 1.6617e-15
240 80 2.376 1.6617e-15
240 85 2.376 1.6617e-15
240 90 2.376 1.6617e-15
240 95 2.376 1.6617e-15
240 100 2.376 1.6617e-15
240 105 2.376 1.6617e-15
240 110 2.376 1.6617e-15
240 115 2.376 1.6617e-15
240 120 2.376 1.6617e-15
240 125 2.376 1.6617e-15
240 130 2.376 1.6617e-15
240 135 2.376 1.6617e-15
240 140 2.376 1.6617e-15
240 145 2.376 1.6617e-15
240 150 2.376 1.6617e-15
240 155 2.376 1.6617e-15
240 160 2.376 1.6617e-15
240 165 2.376 1.6617e-15
240 170 2.376 1.6617e-15
240 175 2.376 1.6617e-15
240 180 2.376 1.6617e-15
240 185 2.376 1.6617e-15
240 190 2.376 1.6617e-15
240 195 2.376 1.6617e-15
240 200 0.110889 -1.34436
240 205 0.105396 -1.34998
240 210 0.10058 -1.35526
240 215 0.0950751 -1.36027
240 220 0.0911511 -1.36496
240 225 0.0873675 -1.36944
240 230 0.0843285 -1.3737
240 235 0.0859022 -1.37798
240 240 0.0906523 -1.38201
240 245 0.234313 -1.3771
240 250 0.428919 -1.34653
240 255 1.50521 -0.48776
245 5 0.661318 1.27368
245 10 0.340633 1.36417
245 15 0.107892 1.38324
245 20 0.0907008 1.37962
245 25 0.082997 1.37539
245 30 0.0862814 1.37118
245 35 0.0896135 1.36677
245 40 0.0932322 1.36219
245 45 0.098532 1.35729
245 50 0.103273 1.35214
245 55 0.108874 1.34664
245 60 0.113868 1.34084
245 65 2.376 1.6617e-15
245 70 2.376 1.6617e-15
245 75 2.376 1.6617e-15
245 80 2.376 1.6617e-15
245 85 2.376 1.6617e-15
245 90 2.376 1.6617e-15
245 95 2.376 1.6617e-15
245 100 2.376 1.6617e-15
245 105 2.376 1.6617e-15
245 110 2.376 1.6617e-15
245 115 2.376 1.6617e-15
245 120 2.376 1.6617e-15
245 125 2.376 1.6617e-15
245 130 2.376 1.6617e-15
245 135 2.376 1.6617e-15
245 140 2.376 1.6617e-15
245 145 2.376 1.6617e-15
245 150 2.376 1.6617e-15
245 155 2.376 1.6617e-15
245 160 2.376 1.6617e-15
245 165 2.376 1.6617e-15
245 170 2.376 1.6617e-15
245 175 2.376 1.6617e-15
245 180 2.376 1.6617e-15
245 185 2.376 1.6617e-15
245 190 2.376 1.6617e-15
245 195 2.376 1.6617e-15
245 200 0.110889 -1.34436
245 205 0.105396 -1.34998
245 210 0.10058 -1.35526
245 215 0.0950751 -1.36027
245 220 0.0911511 -1.36496
245 225 0.0873675 -1.36944
245 230 0.0843285 -1.3737
245 235 0.0859022 -1.37798
245 240 0.0906523 -1.38201
245 245 0.234313 -1.3771
245 250 0.428919 -1.34653
245 255 1.50521 -0.48776
250 5 0.661318 1.27368
250 10 0.340633 1.36417
250 15 0.107892 1.38324
250 20 0.0907008 1.37962
250 25 0.082997 1.37539
250 30 0.0862814 1.37118
250 35 0.0896135 1.36677
250 40 0.0932322 1.36219
250 45 0.098532 1.35729
250 50 0.103273 1.35214
250 55 0.108874 1.34664
250 60 0.113868 1.34084
250 65 2.376 1.6617e-15
250 70 2.376 1.6617e-15
250 75 2.376 1.6617e-15
250 80 2.376 1.6617e-15
250 85 2.376 1.6617e-15
250 90 2.376 1.6617e-15
250 95 2.376 1.6617e-15
250 100 2.376 1.6617e-15
250 105 2.376 1.6617e-15
250 110 2.376 1.6617e-15
250 115 2.376 1.6617e-15
250 120 2.376 1.6617e-15
250 125 2.376 1.6617e-15
250 130 2.376 1.6617e-15
250 135 2.376 1.6617e-15
250 140 2.376 1.6617e-15
250 145 2.376 1.6617e-15
250 150 2.376 1.6617e-15
250 155 2.376 1.6617e-15
250 160 2.376 1.6617e-15
250 165 2.376 1.6617e-15
250 170 2.376 1.6617e-15
250 175 2.376 1.6617e-15
250 180 2.376 1.6617e-15
250 185 2.376 1.6617e-15
250 190 2.376 1.6617e-15
250 195 2.376 1.6617e-15
250 200 0.110889 -1.34436
250 205 0.105396 -1.34998
250 210 0.10058 -1.35526
250 215 0.0950751 -1.36027
250 220 0.0911511 -1.36496
250 225 0.0873675 -1.36944
250 230 0.0843285 -1.3737
250 235 0.0859022 -1.37798
250 240 0.0906523 -1.38201
250 245 0.234313 -1.3771
250 250 0.428919 -1.34653
250 255 1.50521 -0.48776
255 5 0.661318 1.27368
255 10 0.340633 1.36417
255 15 0.107892 1.38324
255 20 0.0907008 1.37962
255 25 0.082997 1.37539
255 30 0.0862814 1.37118
255 35 0.0896135 1.36677
255 40 0.0932322 1.36219
255 45 0.098532 1.35729
255 50 0.103273 1.35214
255 55 0.108874 1.34664
255 60 0.113868 1.34084
255 65 2.376 1.6617e-15
255 70 2.376 1.6617e-15
255 75 2.376 1.6617e-15
255 80 2.376 1.6617e-15
255 85 2.376 1.6617e-15
255 90 2.376 1.6617e-15
255 95 2.376 1.6617e-15
255 100 2.376 1.6617e-15
255 105 2.376 1.6617e-15
255 110 2.376 1.6617e-15
255 115 2.376 1.6617e-15
255 120 2.376 1.6617e-15
255 125 2.376 1.6617e-15
255 130 2.376 1.6617e-15
255 135 2.376 1.6617e-15
255 140 2.376 1.6617e-15
255 145 2.376 1.6617e-15
255 150 2.376 1.6617e-15
255 155 2.376 1.6617e-15
255 160 2.376 1.6617e-15
255 165 2.376 1.6617e-15
255 170 2.376 1.6617e-15
255 175 2.376 1.6617e-15
255 180 2.376 1.6617e-15
255 185 2.376 1.6617e-15
255 190 2.376 1.6617e-15
255 195 2.376 1.6617e-15
255 200 0.110889 -1.34436
255 205 0.105396 -1.34998
255 210 0.10058 -1.35526
255 215 0.0950751 -1.36027
255 220 0.0911511 -1.36496
255 225 0.0873675 -1.36944
255 230 0.0843285 -1.3737
255 235 0.0859022 -1.37798
255 240 0.0906523 -1.38201
255 245 0.234313 -1.3771
255 250 0.428919 -1.34653
255 255 1.50521 -0.48776
